word,reliable,unreliable,average reliable,avg unrelabie
2016,955,4144,-3189,0.812708374
0,61,806,-745,0.929642445
election,1333,2066,-733,0.607825831
emails,356,924,-568,0.721875
massive,297,777,-480,0.723463687
mainstream,360,809,-449,0.692044482
war,952,1382,-430,0.592116538
voting,432,833,-401,0.658498024
article,660,1049,-389,0.613809245
truth,308,696,-388,0.693227092
fact,1096,1482,-386,0.574864236
via,403,786,-383,0.661059714
corrupt,96,438,-342,0.820224719
towards,192,532,-340,0.73480663
actually,1211,1539,-328,0.559636364
due,514,841,-327,0.620664207
candidate,780,1087,-307,0.582217461
please,128,429,-301,0.770197487
source,460,746,-286,0.618573798
destroy,191,467,-276,0.709726444
propaganda,135,400,-265,0.747663551
server,121,380,-259,0.758483034
completely,468,717,-249,0.605063291
ongoing,189,436,-247,0.6976
wars,129,369,-240,0.740963855
regime,156,395,-239,0.716878403
nuclear,401,626,-225,0.609542356
elections,312,537,-225,0.632508834
explains,115,333,-218,0.743303571
following,832,1048,-216,0.557446809
lies,205,421,-216,0.672523962
corruption,254,469,-215,0.64868603
thus,176,385,-209,0.68627451
today,579,787,-208,0.5761347
destruction,138,346,-208,0.714876033
proven,116,323,-207,0.735763098
email,997,1200,-203,0.546199363
voter,180,382,-202,0.679715302
sources,299,497,-198,0.624371859
becomes,336,528,-192,0.611111111
evil,93,285,-192,0.753968254
pm,14,205,-191,0.936073059
upon,500,689,-189,0.579478553
planet,73,261,-188,0.781437126
link,245,431,-186,0.637573964
rigged,61,246,-185,0.801302932
military,1160,1343,-183,0.536556133
entire,851,1029,-178,0.547340426
fraud,178,355,-177,0.666041276
why,1659,1834,-175,0.5250501
truly,340,513,-173,0.6014068
existence,137,308,-171,0.692134831
ten,128,298,-170,0.699530516
es,7,172,-165,0.960893855
system,1049,1213,-164,0.536251105
world,1836,1999,-163,0.52125163
obvious,264,426,-162,0.617391304
alternative,262,424,-162,0.618075802
electoral,209,370,-161,0.639032815
elite,240,400,-160,0.625
stated,387,546,-159,0.585209003
indeed,186,345,-159,0.649717514
al,31,190,-159,0.859728507
regarding,318,470,-152,0.596446701
forget,190,342,-152,0.642857143
se,9,161,-152,0.947058824
post,610,761,-151,0.555069292
reality,455,606,-151,0.571159284
literally,177,325,-148,0.647410359
permission,161,309,-148,0.657446809
que,11,159,-148,0.935294118
dollar,131,277,-146,0.678921569
corporations,109,255,-146,0.700549451
y,12,158,-146,0.929411765
destroying,102,247,-145,0.70773639
probe,48,193,-145,0.800829876
currently,543,687,-144,0.558536585
secret,364,508,-144,0.582568807
overthrow,44,187,-143,0.80952381
un,11,153,-142,0.932926829
peaceful,140,277,-137,0.664268585
elites,89,225,-136,0.71656051
el,14,149,-135,0.914110429
means,1056,1190,-134,0.52983081
happening,280,413,-133,0.595959596
die,198,331,-133,0.625708885
establishment,316,448,-132,0.586387435
la,82,213,-131,0.722033898
banking,98,228,-130,0.699386503
humanity,68,198,-130,0.744360902
pipeline,75,204,-129,0.731182796
self,40,169,-129,0.80861244
para,5,134,-129,0.964028777
launched,248,375,-127,0.601926164
launch,182,308,-126,0.628571429
en,101,226,-125,0.691131498
scenario,60,185,-125,0.755102041
weapons,433,557,-124,0.562626263
con,19,143,-124,0.882716049
destroyed,229,352,-123,0.605851979
therefore,155,278,-123,0.642032333
reveals,111,233,-122,0.677325581
ignore,164,285,-121,0.634743875
invasion,100,220,-120,0.6875
shall,91,211,-120,0.698675497
results,510,629,-119,0.552238806
articles,217,336,-119,0.607594937
examples,122,240,-118,0.662983425
absolute,95,213,-118,0.691558442
oil,343,458,-115,0.571785268
contain,162,277,-115,0.630979499
por,4,119,-115,0.967479675
ha,3,118,-115,0.975206612
facts,241,355,-114,0.595637584
prior,226,340,-114,0.600706714
los,7,121,-114,0.9453125
vote,1077,1190,-113,0.524922805
attempting,168,281,-113,0.625835189
exclusively,111,224,-113,0.668656716
beings,32,143,-111,0.817142857
una,2,113,-111,0.982608696
interesting,270,380,-110,0.584615385
absolutely,316,425,-109,0.573549258
crimes,304,413,-109,0.576011158
exposed,251,360,-109,0.589198036
aggression,47,156,-109,0.768472906
simply,937,1044,-107,0.527006562
below,338,445,-107,0.568326948
wonder,233,340,-107,0.593368237
steal,81,187,-106,0.697761194
stupid,69,175,-106,0.717213115
nation,596,701,-105,0.540478026
relevant,147,252,-105,0.631578947
las,2,107,-105,0.981651376
corporate,443,547,-104,0.552525253
extremely,341,445,-104,0.566157761
machines,98,202,-104,0.673333333
continues,421,524,-103,0.554497354
interests,417,520,-103,0.554962647
lie,175,278,-103,0.613686534
contains,102,205,-103,0.667752443
reason,911,1013,-102,0.526507277
yourself,216,318,-102,0.595505618
army,185,287,-102,0.608050847
western,180,282,-102,0.61038961
i,23,125,-102,0.844594595
supposedly,114,215,-101,0.653495441
dirty,77,178,-101,0.698039216
su,2,103,-101,0.980952381
TRUE,645,745,-100,0.535971223
natural,395,495,-100,0.556179775
governments,303,402,-99,0.570212766
wins,168,267,-99,0.613793103
quote,91,190,-99,0.676156584
am,1036,1134,-98,0.522580645
machine,189,286,-97,0.602105263
endless,108,204,-96,0.653846154
earth,95,191,-96,0.667832168
realize,290,385,-95,0.57037037
shocking,90,185,-95,0.672727273
toxic,96,190,-94,0.664335664
naturally,61,155,-94,0.717592593
8th,12,106,-94,0.898305085
happens,347,440,-93,0.559085133
totally,266,359,-93,0.5744
masses,34,127,-93,0.788819876
consciousness,31,124,-93,0.8
lo,4,97,-93,0.96039604
mass,482,574,-92,0.543560606
peoples,26,118,-92,0.819444444
classified,241,332,-91,0.579406632
protectors,11,102,-91,0.902654867
o,4,95,-91,0.95959596
polls,321,411,-90,0.56147541
del,35,125,-90,0.78125
como,0,89,-89,1
breaking,309,397,-88,0.562322946
exists,102,190,-88,0.650684932
scandals,67,155,-88,0.698198198
material,296,383,-87,0.564064801
wealth,193,280,-87,0.591966173
democracy,222,308,-86,0.581132075
obviously,193,279,-86,0.591101695
hacked,104,190,-86,0.646258503
outcome,268,353,-85,0.568438003
terrorists,239,324,-85,0.575488455
legitimate,176,261,-85,0.597254005
result,765,849,-84,0.526022305
sick,157,241,-84,0.605527638
lied,68,152,-84,0.690909091
mind,481,564,-83,0.539712919
society,314,397,-83,0.558368495
exist,156,239,-83,0.605063291
monetary,48,131,-83,0.731843575
globalist,42,125,-83,0.748502994
exposing,72,154,-82,0.681415929
coup,124,205,-81,0.623100304
sacred,86,167,-81,0.660079051
originally,254,334,-80,0.568027211
doubt,393,472,-79,0.54566474
deserve,138,217,-79,0.611267606
dump,48,127,-79,0.725714286
content,244,322,-78,0.568904594
collective,150,228,-78,0.603174603
concerning,98,176,-78,0.642335766
merely,267,344,-77,0.563011457
expose,109,186,-77,0.630508475
disturbing,91,168,-77,0.648648649
latter,82,159,-77,0.659751037
proof,187,263,-76,0.584444444
enemies,132,208,-76,0.611764706
occupation,58,134,-76,0.697916667
e,7,83,-76,0.922222222
complete,472,547,-75,0.536800785
class,450,525,-75,0.538461538
refuse,157,232,-75,0.596401028
quite,690,764,-74,0.525447043
troops,285,359,-74,0.557453416
collapse,173,247,-74,0.588095238
alliance,150,224,-74,0.598930481
ancient,138,212,-74,0.605714286
however,116,190,-74,0.620915033
arms,290,363,-73,0.555895865
socialist,57,130,-73,0.695187166
healing,48,121,-73,0.715976331
genocide,25,98,-73,0.796747967
das,0,73,-73,1
electronic,141,213,-72,0.601694915
stolen,123,195,-72,0.613207547
fed,108,180,-72,0.625
und,4,76,-72,0.95
im,3,75,-72,0.961538462
causes,193,264,-71,0.577680525
manipulation,35,106,-71,0.75177305
capitalism,35,106,-71,0.75177305
debt,177,247,-70,0.58254717
surely,124,194,-70,0.610062893
objective,91,161,-70,0.638888889
reopened,44,114,-70,0.721518987
armed,405,474,-69,0.539249147
sin,19,88,-69,0.822429907
powers,223,291,-68,0.56614786
moral,219,287,-68,0.567193676
hidden,157,225,-68,0.589005236
zone,135,203,-68,0.600591716
hell,128,196,-68,0.604938272
missiles,119,187,-68,0.611111111
insider,48,116,-68,0.707317073
der,21,89,-68,0.809090909
le,15,83,-68,0.846938776
mit,1,69,-68,0.985714286
banks,208,275,-67,0.569358178
enemy,162,229,-67,0.585677749
opinion,347,413,-66,0.543421053
desperately,89,155,-66,0.635245902
warfare,63,129,-66,0.671875
above,616,681,-65,0.525057826
conflict,399,464,-65,0.537659328
aircraft,146,211,-65,0.591036415
yesterday,83,148,-65,0.640692641
laptop,68,133,-65,0.661691542
fascist,29,94,-65,0.764227642
purpose,234,298,-64,0.560150376
accurate,108,172,-64,0.614285714
recommend,103,167,-64,0.618518519
spiritual,85,149,-64,0.636752137
fails,67,131,-64,0.661616162
controlled,241,304,-63,0.557798165
plus,154,217,-63,0.58490566
located,134,197,-63,0.595166163
et,32,95,-63,0.748031496
zu,0,63,-63,1
nothing,1226,1288,-62,0.512330947
information,1188,1250,-62,0.51271534
causing,254,316,-62,0.554385965
rhetoric,167,229,-62,0.578282828
topic,158,220,-62,0.582010582
entitled,133,195,-62,0.594512195
minds,116,178,-62,0.605442177
revelation,77,139,-62,0.643518519
super,61,123,-62,0.668478261
des,32,94,-62,0.746031746
possibly,399,460,-61,0.535506403
worse,319,380,-61,0.543633763
cycle,133,194,-61,0.593272171
humans,118,179,-61,0.602693603
forces,721,781,-60,0.519973369
assume,173,233,-60,0.573891626
movements,113,173,-60,0.604895105
threatens,99,159,-60,0.61627907
treaty,63,123,-60,0.661290323
somehow,201,260,-59,0.563991323
ballot,127,186,-59,0.594249201
globalists,11,70,-59,0.864197531
exact,170,228,-58,0.572864322
perfectly,149,207,-58,0.581460674
revelations,120,178,-58,0.597315436
courtesy,39,97,-58,0.713235294
FALSE,352,409,-57,0.537450723
integrity,134,191,-57,0.587692308
skin,110,167,-57,0.602888087
pure,98,155,-57,0.612648221
click,65,122,-57,0.652406417
belief,207,263,-56,0.559574468
thousand,157,213,-56,0.575675676
suffer,157,213,-56,0.575675676
revolution,105,161,-56,0.605263158
ministry,92,148,-56,0.616666667
sovereign,73,129,-56,0.638613861
foods,60,116,-56,0.659090909
necessary,408,463,-55,0.531572905
capable,197,252,-55,0.561247216
brain,186,241,-55,0.56440281
logic,64,119,-55,0.650273224
von,47,102,-55,0.684563758
newsletter,39,94,-55,0.706766917
masters,21,76,-55,0.783505155
den,18,73,-55,0.802197802
vitamin,13,68,-55,0.839506173
example,483,537,-54,0.526470588
thanks,241,295,-54,0.550373134
riot,56,110,-54,0.662650602
oligarchy,1,55,-54,0.982142857
numerous,387,440,-53,0.532043531
approximately,154,207,-53,0.573407202
thoughts,143,196,-53,0.578171091
indicates,101,154,-53,0.603921569
method,100,153,-53,0.604743083
bankers,58,111,-53,0.656804734
advisor,45,98,-53,0.685314685
civilization,37,90,-53,0.708661417
media,1997,2049,-52,0.5064261
amounts,202,254,-52,0.557017544
fail,140,192,-52,0.578313253
inform,94,146,-52,0.608333333
reply,69,121,-52,0.636842105
indigenous,47,99,-52,0.678082192
parliament,27,79,-52,0.745283019
unless,348,399,-51,0.534136546
unprecedented,178,229,-51,0.562653563
genuine,90,141,-51,0.61038961
empire,79,130,-51,0.622009569
control,1123,1173,-50,0.510888502
foundation,173,223,-50,0.563131313
discovery,106,156,-50,0.595419847
precious,68,118,-50,0.634408602
diet,53,103,-50,0.66025641
key,634,683,-49,0.518602885
alleged,332,381,-49,0.534361851
convince,138,187,-49,0.575384615
organic,59,108,-49,0.646706587
slave,58,107,-49,0.648484848
tribe,32,81,-49,0.716814159
t,5,54,-49,0.915254237
evidence,1054,1102,-48,0.511131725
supply,230,278,-48,0.547244094
honest,155,203,-48,0.567039106
mere,140,188,-48,0.573170732
psychological,123,171,-48,0.581632653
inflation,57,105,-48,0.648148148
situation,606,653,-47,0.518665608
healthcare,113,160,-47,0.586080586
takeover,62,109,-47,0.637426901
chemicals,50,97,-47,0.659863946
cant,5,52,-47,0.912280702
les,4,51,-47,0.927272727
movement,503,549,-46,0.521863118
levels,351,397,-46,0.530748663
prepare,210,256,-46,0.549356223
forms,197,243,-46,0.552272727
boost,101,147,-46,0.592741935
bizarre,86,132,-46,0.605504587
burn,73,119,-46,0.619791667
tanks,73,119,-46,0.619791667
pharmaceutical,59,105,-46,0.640243902
1000,6,52,-46,0.896551724
vs,2,48,-46,0.96
er,0,46,-46,1
attempt,587,632,-45,0.518457752
nations,329,374,-45,0.53200569
blame,283,328,-45,0.536824877
virtually,237,282,-45,0.543352601
polling,164,209,-45,0.560321716
protesting,102,147,-45,0.590361446
lands,70,115,-45,0.621621622
lesser,66,111,-45,0.627118644
liberty,61,106,-45,0.634730539
god,19,64,-45,0.771084337
patriots,17,62,-45,0.784810127
form,690,734,-44,0.515449438
various,628,672,-44,0.516923077
clearly,578,622,-44,0.518333333
related,482,526,-44,0.521825397
exclusive,137,181,-44,0.56918239
analysis,341,384,-43,0.529655172
tells,300,343,-43,0.533437014
racist,208,251,-43,0.546840959
blog,155,198,-43,0.560906516
overwhelming,136,179,-43,0.568253968
marks,97,140,-43,0.5907173
drones,54,97,-43,0.642384106
cops,47,90,-43,0.656934307
vaccines,14,57,-43,0.802816901
cause,659,701,-42,0.515441176
nominee,463,505,-42,0.521694215
votes,429,471,-42,0.523333333
survive,151,193,-42,0.561046512
rebels,130,172,-42,0.569536424
witnessed,126,168,-42,0.571428571
hatred,104,146,-42,0.584
convinced,214,255,-41,0.543710021
regardless,202,243,-41,0.546067416
innocent,170,211,-41,0.553805774
elect,98,139,-41,0.58649789
consent,62,103,-41,0.624242424
communist,48,89,-41,0.649635036
n,7,48,-41,0.872727273
democrats,4,45,-41,0.918367347
encourage,290,330,-40,0.532258065
creation,177,217,-40,0.550761421
survival,80,120,-40,0.6
unrest,53,93,-40,0.636986301
corporation,40,80,-40,0.666666667
needs,821,860,-39,0.511600238
whatever,448,487,-39,0.520855615
attempts,278,317,-39,0.532773109
suffering,224,263,-39,0.540041068
informed,214,253,-39,0.541755889
commit,174,213,-39,0.550387597
intervention,138,177,-39,0.561904762
cell,98,137,-39,0.582978723
ballots,93,132,-39,0.586666667
universe,76,115,-39,0.602094241
files,75,114,-39,0.603174603
secrets,74,113,-39,0.604278075
progressives,44,83,-39,0.653543307
healthy,228,266,-38,0.538461538
lying,190,228,-38,0.545454545
ethnic,144,182,-38,0.558282209
countless,126,164,-38,0.565517241
hat,78,116,-38,0.597938144
diseases,56,94,-38,0.626666667
s,26,64,-38,0.711111111
heaven,18,56,-38,0.756756757
agents,343,380,-37,0.525587828
excellent,128,165,-37,0.563139932
documented,111,148,-37,0.571428571
courage,82,119,-37,0.592039801
centuries,64,101,-37,0.612121212
st,0,37,-37,1
guess,179,215,-36,0.545685279
actively,151,187,-36,0.553254438
currency,134,170,-36,0.559210526
confrontation,132,168,-36,0.56
everywhere,100,136,-36,0.576271186
gets,607,642,-35,0.514011209
positive,393,428,-35,0.521315469
extreme,276,311,-35,0.529812606
systems,258,293,-35,0.531760436
allegedly,243,278,-35,0.533589251
incredibly,152,187,-35,0.551622419
regions,101,136,-35,0.573839662
excuse,100,135,-35,0.574468085
bases,84,119,-35,0.586206897
collusion,77,112,-35,0.592592593
cultures,49,84,-35,0.631578947
either,821,855,-34,0.510143198
civilians,238,272,-34,0.533333333
strikes,160,194,-34,0.548022599
rapidly,156,190,-34,0.549132948
tired,139,173,-34,0.554487179
assist,112,146,-34,0.565891473
electorate,67,101,-34,0.601190476
fat,67,101,-34,0.601190476
entity,64,98,-34,0.604938272
acid,21,55,-34,0.723684211
exactly,605,638,-33,0.513274336
discovered,434,467,-33,0.518312986
democratic,207,240,-33,0.536912752
silver,127,160,-33,0.557491289
exciting,107,140,-33,0.566801619
hopefully,68,101,-33,0.597633136
ridiculous,57,90,-33,0.612244898
censorship,33,66,-33,0.666666667
population,485,517,-32,0.515968064
seriously,228,260,-32,0.532786885
resistance,224,256,-32,0.533333333
inner,176,208,-32,0.541666667
justify,128,160,-32,0.555555556
credible,91,123,-32,0.574766355
contrary,86,118,-32,0.578431373
cannabis,21,53,-32,0.716216216
vaccine,19,51,-32,0.728571429
twitter,11,43,-32,0.796296296
est,2,34,-32,0.944444444
present,524,555,-31,0.514365153
equally,166,197,-31,0.542699725
strange,154,185,-31,0.545722714
criminals,145,176,-31,0.548286604
murdered,125,156,-31,0.555160142
print,110,141,-31,0.561752988
quo,59,90,-31,0.604026846
actual,394,424,-30,0.518337408
leaked,207,237,-30,0.533783784
admit,174,204,-30,0.53968254
inevitable,112,142,-30,0.559055118
immune,95,125,-30,0.568181818
exercises,50,80,-30,0.615384615
anymore,38,68,-30,0.641509434
anyway,33,63,-30,0.65625
constitution,27,57,-30,0.678571429
congress,25,55,-30,0.6875
republican,6,36,-30,0.857142857
justice,415,444,-29,0.516880093
scandal,242,271,-29,0.528265107
conspiracy,230,259,-29,0.529652352
missile,183,212,-29,0.536708861
zero,151,180,-29,0.543806647
stating,112,141,-29,0.557312253
occur,106,135,-29,0.560165975
addresses,81,110,-29,0.57591623
conscious,69,98,-29,0.586826347
sustainable,67,96,-29,0.588957055
breath,59,88,-29,0.598639456
continent,36,65,-29,0.643564356
republic,32,61,-29,0.655913978
etc,4,33,-29,0.891891892
d,1,30,-29,0.967741935
mean,715,743,-28,0.509602195
certainly,630,658,-28,0.510869565
web,185,213,-28,0.535175879
unknown,159,187,-28,0.540462428
awareness,117,145,-28,0.553435115
scheme,104,132,-28,0.559322034
mess,94,122,-28,0.564814815
tribal,76,104,-28,0.577777778
va,0,28,-28,1
knows,537,564,-27,0.51226158
rich,286,313,-27,0.522537563
threatening,239,266,-27,0.526732673
constantly,177,204,-27,0.535433071
structure,176,203,-27,0.535620053
warrant,103,130,-27,0.557939914
forever,84,111,-27,0.569230769
check,374,400,-26,0.516795866
achieve,238,264,-26,0.525896414
amazing,174,200,-26,0.534759358
conclusion,166,192,-26,0.536312849
outright,115,141,-26,0.55078125
sorry,95,121,-26,0.560185185
solutions,90,116,-26,0.563106796
persons,67,93,-26,0.58125
globe,55,81,-26,0.595588235
reserve,54,80,-26,0.597014925
jets,47,73,-26,0.608333333
r,5,31,-26,0.861111111
maintain,329,354,-25,0.518301611
wish,316,341,-25,0.519025875
except,308,333,-25,0.51950078
methods,110,135,-25,0.551020408
finger,88,113,-25,0.562189055
nature,426,450,-24,0.51369863
understanding,328,352,-24,0.517647059
poll,298,322,-24,0.519354839
readers,247,271,-24,0.523166023
profit,150,174,-24,0.537037037
devastating,142,166,-24,0.538961039
function,127,151,-24,0.543165468
horrible,124,148,-24,0.544117647
indictment,77,101,-24,0.56741573
casualties,72,96,-24,0.571428571
dear,40,64,-24,0.615384615
thats,1,25,-24,0.961538462
power,1458,1481,-23,0.503912896
type,403,426,-23,0.513872135
journalist,283,306,-23,0.519524618
listen,242,265,-23,0.522682446
camp,232,255,-23,0.523613963
pray,93,116,-23,0.555023923
dialogue,86,109,-23,0.558974359
naval,82,105,-23,0.561497326
siege,64,87,-23,0.57615894
meanwhile,5,28,-23,0.848484848
openly,274,296,-22,0.519298246
automatically,92,114,-22,0.553398058
mail,79,101,-22,0.561111111
symptoms,79,101,-22,0.561111111
loses,73,95,-22,0.56547619
da,34,56,-22,0.622222222
ok,6,28,-22,0.823529412
democrat,1,23,-22,0.958333333
attempted,276,297,-21,0.518324607
chemical,189,210,-21,0.526315789
funded,178,199,-21,0.527851459
hide,162,183,-21,0.530434783
chair,127,148,-21,0.538181818
perspective,126,147,-21,0.538461538
tank,109,130,-21,0.543933054
universal,107,128,-21,0.544680851
whoever,87,108,-21,0.553846154
milk,55,76,-21,0.580152672
pour,55,76,-21,0.580152672
liberties,48,69,-21,0.58974359
facebook,3,24,-21,0.888888889
anything,1084,1104,-20,0.504570384
chaos,174,194,-20,0.527173913
explanation,150,170,-20,0.53125
crazy,150,170,-20,0.53125
supplies,117,137,-20,0.539370079
solar,99,119,-20,0.54587156
planes,91,111,-20,0.54950495
1999,76,96,-20,0.558139535
deployment,72,92,-20,0.56097561
inequality,61,81,-20,0.570422535
create,846,865,-19,0.505552309
unique,235,254,-19,0.519427403
east,160,179,-19,0.528023599
leak,101,120,-19,0.542986425
dogs,96,115,-19,0.545023697
raped,78,97,-19,0.554285714
cells,77,96,-19,0.554913295
cup,51,70,-19,0.578512397
trump,20,39,-19,0.661016949
yeah,2,21,-19,0.913043478
total,678,696,-18,0.506550218
asks,148,166,-18,0.52866242
greatly,121,139,-18,0.534615385
welfare,113,131,-18,0.536885246
accountable,107,125,-18,0.538793103
drone,91,109,-18,0.545
shame,78,96,-18,0.551724138
rocket,70,88,-18,0.556962025
sugar,62,80,-18,0.563380282
besides,59,77,-18,0.566176471
copyright,22,40,-18,0.64516129
observer,21,39,-18,0.65
patriot,10,28,-18,0.736842105
b,3,21,-18,0.875
holocaust,3,21,-18,0.875
land,442,459,-17,0.509433962
explained,403,420,-17,0.510328068
resources,350,367,-17,0.511854951
basically,234,251,-17,0.517525773
deployed,173,190,-17,0.523415978
objects,97,114,-17,0.54028436
spectrum,83,100,-17,0.546448087
warriors,35,52,-17,0.597701149
otherwise,264,280,-16,0.514705882
reveal,259,275,-16,0.514981273
regard,177,193,-16,0.521621622
discover,118,134,-16,0.531746032
audio,116,132,-16,0.532258065
newspapers,87,103,-16,0.542105263
purposes,69,85,-16,0.551948052
cop,35,51,-16,0.593023256
subscribe,35,51,-16,0.593023256
c,1,17,-16,0.944444444
russia,0,16,-16,1
operation,327,342,-15,0.511210762
revealing,129,144,-15,0.527472527
connect,114,129,-15,0.530864198
principle,111,126,-15,0.53164557
educated,101,116,-15,0.534562212
sovereignty,76,91,-15,0.54491018
asset,74,89,-15,0.54601227
tea,66,81,-15,0.551020408
militia,64,79,-15,0.552447552
slavery,51,66,-15,0.564102564
liberation,50,65,-15,0.565217391
apple,29,44,-15,0.602739726
f,7,22,-15,0.75862069
treasury,6,21,-15,0.777777778
send,564,578,-14,0.506129597
dangerous,497,511,-14,0.506944444
bombing,222,236,-14,0.515283843
civilian,216,230,-14,0.515695067
ordinary,210,224,-14,0.516129032
proper,205,219,-14,0.516509434
aspect,126,140,-14,0.526315789
bias,109,123,-14,0.530172414
developments,101,115,-14,0.532407407
panic,93,107,-14,0.535
species,90,104,-14,0.536082474
whites,83,97,-14,0.538888889
firearms,66,80,-14,0.547945205
iron,61,75,-14,0.551470588
revolutionary,59,73,-14,0.553030303
mercury,6,20,-14,0.769230769
clinton,1,15,-14,0.9375
os,1,15,-14,0.9375
american,0,14,-14,1
youtube,0,14,-14,1
narrative,234,247,-13,0.513513514
26,215,228,-13,0.514672686
ignored,181,194,-13,0.517333333
factor,179,192,-13,0.517520216
resulting,170,183,-13,0.518413598
context,156,169,-13,0.52
disaster,148,161,-13,0.521035599
useful,144,157,-13,0.521594684
animals,128,141,-13,0.524163569
bloody,120,133,-13,0.5256917
root,106,119,-13,0.528888889
phenomenon,103,116,-13,0.529680365
soul,100,113,-13,0.530516432
volume,77,90,-13,0.538922156
u,17,30,-13,0.638297872
l,1,14,-13,0.933333333
p,0,13,-13,1
mention,376,388,-12,0.507853403
scientific,194,206,-12,0.515
investigative,185,197,-12,0.515706806
memo,125,137,-12,0.522900763
beliefs,97,109,-12,0.529126214
affair,63,75,-12,0.543478261
bubble,54,66,-12,0.55
pen,50,62,-12,0.553571429
slaves,49,61,-12,0.554545455
hey,4,16,-12,0.8
google,1,13,-12,0.928571429
america,0,12,-12,1
hillary,0,12,-12,1
solution,232,243,-11,0.511578947
ultimate,209,220,-11,0.512820513
desperate,171,182,-11,0.515580737
mistake,163,174,-11,0.516320475
wondering,123,134,-11,0.521400778
object,122,133,-11,0.521568627
expense,100,111,-11,0.526066351
operatives,87,98,-11,0.52972973
mining,69,80,-11,0.536912752
privilege,66,77,-11,0.538461538
oh,32,43,-11,0.573333333
g,3,14,-11,0.823529412
h,0,11,-11,1
oct,0,11,-11,1
supposed,534,544,-10,0.504638219
negative,293,303,-10,0.508389262
speaks,207,217,-10,0.511792453
releasing,142,152,-10,0.517006803
channel,127,137,-10,0.518939394
breaks,122,132,-10,0.519685039
occupied,119,129,-10,0.52016129
grave,96,106,-10,0.524752475
transparency,81,91,-10,0.529069767
unfortunately,51,61,-10,0.544642857
wildlife,45,55,-10,0.55
w,12,22,-10,0.647058824
v,9,19,-10,0.678571429
bible,4,14,-10,0.777777778
republicans,2,12,-10,0.857142857
millions,864,873,-9,0.502590674
greatest,371,380,-9,0.505992011
writes,242,251,-9,0.509127789
concept,170,179,-9,0.512893983
cooperation,162,171,-9,0.513513514
profits,152,161,-9,0.514376997
trillion,126,135,-9,0.517241379
bet,120,129,-9,0.518072289
plain,107,116,-9,0.520179372
neutral,82,91,-9,0.526011561
intentions,75,84,-9,0.528301887
mad,66,75,-9,0.531914894
ammunition,54,63,-9,0.538461538
salt,48,57,-9,0.542857143
du,36,45,-9,0.555555556
m,5,14,-9,0.736842105
usa,0,9,-9,1
john,0,9,-9,1
strategic,234,242,-8,0.508403361
throw,229,237,-8,0.508583691
anywhere,192,200,-8,0.510204082
devices,154,162,-8,0.512658228
bombs,142,150,-8,0.51369863
waste,126,134,-8,0.515384615
united,104,112,-8,0.518518519
ugly,101,109,-8,0.519047619
publications,53,61,-8,0.535087719
senate,20,28,-8,0.583333333
x,6,14,-8,0.7
politico,1,9,-8,0.9
dan,1,9,-8,0.9
joe,0,8,-8,1
putin,0,8,-8,1
peace,407,414,-7,0.504263094
progressive,227,234,-7,0.507592191
contained,194,201,-7,0.508860759
assistance,183,190,-7,0.509383378
rid,156,163,-7,0.510971787
depends,143,150,-7,0.511945392
refer,143,150,-7,0.511945392
2000,139,146,-7,0.512280702
resist,125,132,-7,0.513618677
credibility,123,130,-7,0.513833992
physically,115,122,-7,0.514767932
theft,82,89,-7,0.520467836
smoking,81,88,-7,0.520710059
oath,81,88,-7,0.520710059
donate,73,80,-7,0.522875817
span,71,78,-7,0.523489933
soil,66,73,-7,0.525179856
carrier,59,66,-7,0.528
yes,49,56,-7,0.533333333
hurricane,34,41,-7,0.546666667
fisher,1,8,-7,0.888888889
obama,1,8,-7,0.888888889
russian,0,7,-7,1
muslim,0,7,-7,1
christian,0,7,-7,1
americans,0,7,-7,1
blood,339,345,-6,0.504385965
engage,228,234,-6,0.506493506
stunning,153,159,-6,0.509615385
properly,132,138,-6,0.511111111
violate,120,126,-6,0.512195122
acceptable,98,104,-6,0.514851485
observers,92,98,-6,0.515789474
lifestyle,82,88,-6,0.517647059
accountability,58,64,-6,0.524590164
oval,13,19,-6,0.59375
ben,1,7,-6,0.875
muslims,1,7,-6,0.875
brotherhood,1,7,-6,0.875
thanksgiving,1,7,-6,0.875
sean,0,6,-6,1
zionist,0,6,-6,1
india,0,6,-6,1
robert,0,6,-6,1
syria,0,6,-6,1
essential,213,218,-5,0.505800464
liberals,161,166,-5,0.50764526
upcoming,149,154,-5,0.508250825
intellectual,145,150,-5,0.508474576
rapid,130,135,-5,0.509433962
error,108,113,-5,0.511312217
disagree,104,109,-5,0.511737089
mine,102,107,-5,0.511961722
grab,93,98,-5,0.513089005
cent,73,78,-5,0.516556291
honestly,55,60,-5,0.52173913
kingdom,36,41,-5,0.532467532
jack,9,14,-5,0.608695652
allen,2,7,-5,0.777777778
uber,1,6,-5,0.857142857
pacific,1,6,-5,0.857142857
nazi,1,6,-5,0.857142857
medicare,0,5,-5,1
smith,0,5,-5,1
wikileaks,0,5,-5,1
mexican,0,5,-5,1
tom,0,5,-5,1
us,2214,2218,-4,0.500451264
whole,855,859,-4,0.501166861
happen,520,524,-4,0.501915709
controversial,260,264,-4,0.503816794
west,153,157,-4,0.506451613
maintaining,138,142,-4,0.507142857
assured,135,139,-4,0.50729927
repeat,123,127,-4,0.508
responses,117,121,-4,0.508403361
confused,91,95,-4,0.510752688
laugh,65,69,-4,0.514925373
riots,63,67,-4,0.515384615
1991,52,56,-4,0.518518519
trumps,11,15,-4,0.576923077
fort,3,7,-4,0.7
yahoo,0,4,-4,1
africa,0,4,-4,1
ryan,0,4,-4,1
spanish,0,4,-4,1
michael,0,4,-4,1
j,0,4,-4,1
jews,0,4,-4,1
thomas,0,4,-4,1
hollywood,0,4,-4,1
vladimir,0,4,-4,1
european,0,4,-4,1
europe,0,4,-4,1
halloween,0,4,-4,1
puerto,0,4,-4,1
choose,412,415,-3,0.501813785
eating,181,184,-3,0.504109589
deliberately,124,127,-3,0.505976096
exposure,116,119,-3,0.506382979
torture,96,99,-3,0.507692308
tons,80,83,-3,0.509202454
refuge,74,77,-3,0.509933775
foundations,53,56,-3,0.513761468
supreme,46,49,-3,0.515789474
navy,28,31,-3,0.525423729
bush,10,13,-3,0.565217391
fox,9,12,-3,0.571428571
k,2,5,-3,0.714285714
bob,2,5,-3,0.714285714
soviet,1,4,-3,0.8
islam,1,4,-3,0.8
indians,0,3,-3,1
latin,0,3,-3,1
ali,0,3,-3,1
york,0,3,-3,1
pentagon,0,3,-3,1
german,0,3,-3,1
soros,0,3,-3,1
mexico,0,3,-3,1
california,0,3,-3,1
sept,0,3,-3,1
carter,0,3,-3,1
paul,0,3,-3,1
remove,336,338,-2,0.50148368
definitely,280,282,-2,0.501779359
shares,205,207,-2,0.502427184
ideology,131,133,-2,0.503787879
capitol,8,10,-2,0.555555556
catholic,3,5,-2,0.625
moreover,3,5,-2,0.625
eu,3,5,-2,0.625
chris,2,4,-2,0.666666667
isis,1,3,-2,0.75
florida,1,3,-2,0.75
james,0,2,-2,1
nato,0,2,-2,1
jesus,0,2,-2,1
gop,0,2,-2,1
iphone,0,2,-2,1
fbi,0,2,-2,1
obamas,0,2,-2,1
instagram,0,2,-2,1
african,0,2,-2,1
israel,0,2,-2,1
christians,0,2,-2,1
steve,0,2,-2,1
hitler,0,2,-2,1
asian,0,2,-2,1
richard,0,2,-2,1
carolina,0,2,-2,1
hispanic,0,2,-2,1
abc,0,2,-2,1
british,0,2,-2,1
germany,0,2,-2,1
kong,0,2,-2,1
olympics,0,2,-2,1
cuba,0,2,-2,1
zika,0,2,-2,1
october,0,2,-2,1
uk,0,2,-2,1
november,0,2,-2,1
rick,0,2,-2,1
joseph,0,2,-2,1
indian,0,2,-2,1
chicago,0,2,-2,1
lee,0,2,-2,1
knowledge,333,334,-1,0.500749625
danger,243,244,-1,0.501026694
fundamental,221,222,-1,0.501128668
device,174,175,-1,0.501432665
religion,164,165,-1,0.501519757
precisely,162,163,-1,0.501538462
appreciate,162,163,-1,0.501538462
obtain,160,161,-1,0.501557632
surface,150,151,-1,0.50166113
forth,149,150,-1,0.501672241
observed,139,140,-1,0.501792115
racism,128,129,-1,0.501945525
turnout,95,96,-1,0.502617801
ships,88,89,-1,0.502824859
jihadists,71,72,-1,0.503496503
diplomacy,65,66,-1,0.503816794
worlds,34,35,-1,0.507246377
china,10,11,-1,0.523809524
pic,5,6,-1,0.545454545
id,5,6,-1,0.545454545
silicon,4,5,-1,0.555555556
furthermore,3,4,-1,0.571428571
peter,2,3,-1,0.6
susan,1,2,-1,0.666666667
adam,1,2,-1,0.666666667
miller,1,2,-1,0.666666667
latino,1,2,-1,0.666666667
pence,1,2,-1,0.666666667
mary,1,2,-1,0.666666667
erdogan,0,1,-1,1
italian,0,1,-1,1
pakistan,0,1,-1,1
eric,0,1,-1,1
jackson,0,1,-1,1
aaron,0,1,-1,1
seattle,0,1,-1,1
kelly,0,1,-1,1
mateen,0,1,-1,1
orlando,0,1,-1,1
arabs,0,1,-1,1
jewish,0,1,-1,1
klein,0,1,-1,1
libya,0,1,-1,1
khan,0,1,-1,1
ann,0,1,-1,1
kansas,0,1,-1,1
chinese,0,1,-1,1
matt,0,1,-1,1
palestinians,0,1,-1,1
gaza,0,1,-1,1
joel,0,1,-1,1
hamas,0,1,-1,1
santa,0,1,-1,1
kennedy,0,1,-1,1
stein,0,1,-1,1
palestinian,0,1,-1,1
paris,0,1,-1,1
roberts,0,1,-1,1
dr,0,1,-1,1
breitbart,0,1,-1,1
atlanta,0,1,-1,1
taylor,0,1,-1,1
texas,0,1,-1,1
afghan,0,1,-1,1
todd,0,1,-1,1
gary,0,1,-1,1
charlie,0,1,-1,1
april,0,1,-1,1
july,0,1,-1,1
alex,0,1,-1,1
poland,0,1,-1,1
ukraine,0,1,-1,1
ceo,0,1,-1,1
ireland,0,1,-1,1
irish,0,1,-1,1
edward,0,1,-1,1
canada,0,1,-1,1
bashar,0,1,-1,1
kim,0,1,-1,1
weiner,0,1,-1,1
anthony,0,1,-1,1
moore,0,1,-1,1
abu,0,1,-1,1
atlantic,0,1,-1,1
william,0,1,-1,1
spain,0,1,-1,1
christ,0,1,-1,1
roger,0,1,-1,1
london,0,1,-1,1
comey,0,1,-1,1
jim,0,1,-1,1
stewart,0,1,-1,1
calif,0,1,-1,1
arabia,0,1,-1,1
saudi,0,1,-1,1
nbc,0,1,-1,1
cnn,0,1,-1,1
donald,0,1,-1,1
russians,0,1,-1,1
brexit,0,1,-1,1
bloomberg,0,1,-1,1
goldman,0,1,-1,1
george,0,1,-1,1
medicaid,0,1,-1,1
snapchat,0,1,-1,1
tennessee,0,1,-1,1
january,0,1,-1,1
jason,0,1,-1,1
bruce,0,1,-1,1
wisconsin,0,1,-1,1
huma,0,1,-1,1
kaine,0,1,-1,1
islamist,0,1,-1,1
ross,0,1,-1,1
moscow,0,1,-1,1
pr,0,1,-1,1
jon,0,1,-1,1
europeans,0,1,-1,1
henry,0,1,-1,1
monday,0,1,-1,1
biden,0,1,-1,1
asia,0,1,-1,1
bundy,0,1,-1,1
greek,0,1,-1,1
mr,0,1,-1,1
david,0,1,-1,1
activities,274,274,0,0.5
revealed,575,575,0,0.5
reads,106,106,0,0.5
gonna,98,98,0,0.5
journalism,106,106,0,0.5
shadow,134,134,0,0.5
jones,2,2,0,0.5
perry,1,1,0,0.5
lynch,3,3,0,0.5
griffin,1,1,0,0.5
rev,1,1,0,0.5
graham,1,1,0,0.5
phoenix,2,2,0,0.5
ted,1,1,0,0.5
roman,2,2,0,0.5
musk,1,1,0,0.5
pa,1,1,0,0.5
english,1,1,0,0.5
gen,1,0,1,0
jay,1,0,1,0
berkeley,1,0,1,0
ap,1,0,1,0
chelsea,1,0,1,0
melania,1,0,1,0
justin,1,0,1,0
martin,1,0,1,0
jeff,1,0,1,0
milo,1,0,1,0
conway,1,0,1,0
gore,1,0,1,0
san,1,0,1,0
steven,1,0,1,0
sunday,1,0,1,0
alaska,1,0,1,0
kaepernick,1,0,1,0
islamic,2,1,1,0.333333333
mitt,2,1,1,0.333333333
brussels,2,1,1,0.333333333
tony,4,3,1,0.428571429
chuck,5,4,1,0.444444444
rep,5,4,1,0.444444444
ed,7,6,1,0.461538462
nevertheless,47,46,1,0.494623656
instance,69,68,1,0.496350365
primaries,78,77,1,0.496774194
gross,85,84,1,0.49704142
paint,109,108,1,0.497695853
license,123,122,1,0.497959184
wing,125,124,1,0.497991968
violation,186,185,1,0.498652291
attacking,215,214,1,0.498834499
extent,228,227,1,0.498901099
offensive,234,233,1,0.498929336
write,393,392,1,0.499363057
dutch,2,0,2,0
washington,2,0,2,0
kerry,2,0,2,0
maher,2,0,2,0
duke,3,1,2,0.25
flint,3,1,2,0.25
august,5,3,2,0.375
breast,54,52,2,0.490566038
genetic,65,63,2,0.4921875
commentary,88,86,2,0.494252874
contribution,100,98,2,0.494949495
executed,100,98,2,0.494949495
21st,111,109,2,0.495454545
leaks,118,116,2,0.495726496
worldwide,149,147,2,0.496621622
footage,152,150,2,0.496688742
donations,157,155,2,0.496794872
reasonable,161,159,2,0.496875
deeper,184,182,2,0.49726776
humanitarian,185,183,2,0.497282609
correct,197,195,2,0.49744898
primarily,203,201,2,0.497524752
consequences,250,248,2,0.497991968
believes,452,450,2,0.498891353
michelle,3,0,3,0
josh,3,0,3,0
french,4,1,3,0.2
parenthood,4,1,3,0.2
stone,76,73,3,0.489932886
populations,97,94,3,0.492146597
presumably,102,99,3,0.492537313
violating,123,120,3,0.49382716
tape,128,125,3,0.494071146
entry,204,201,3,0.496296296
recognize,278,275,3,0.497287523
basis,291,288,3,0.497409326
cubs,7,3,4,0.3
walker,7,3,4,0.3
baker,7,3,4,0.3
wells,21,17,4,0.447368421
pot,61,57,4,0.483050847
lobbyists,71,67,4,0.485507246
camps,94,90,4,0.489130435
mutual,116,112,4,0.49122807
attitude,127,123,4,0.492
threaten,131,127,4,0.492248062
blind,134,130,4,0.492424242
upper,135,131,4,0.492481203
definition,139,135,4,0.49270073
types,213,209,4,0.495260664
gain,314,310,4,0.496794872
equality,71,66,5,0.481751825
chronic,85,80,5,0.484848485
forgotten,109,104,5,0.488262911
apologize,115,110,5,0.488888889
odd,118,113,5,0.489177489
burning,127,122,5,0.489959839
feed,171,166,5,0.492581602
trend,175,170,5,0.492753623
videos,283,278,5,0.495543672
warren,6,0,6,0
tv,21,15,6,0.416666667
bell,26,20,6,0.434782609
advertisement,40,34,6,0.459459459
integration,57,51,6,0.472222222
depression,60,54,6,0.473684211
tomorrow,62,56,6,0.474576271
database,71,65,6,0.477941176
elderly,79,73,6,0.480263158
alien,114,108,6,0.486486486
teach,118,112,6,0.486956522
units,125,119,6,0.487704918
intent,193,187,6,0.492105263
territory,217,211,6,0.492990654
mike,8,1,7,0.111111111
turkey,18,11,7,0.379310345
prince,20,13,7,0.393939394
jihad,37,30,7,0.447761194
cruise,79,72,7,0.476821192
substance,94,87,7,0.480662983
farmers,102,95,7,0.482233503
topics,109,102,7,0.483412322
theory,207,200,7,0.491400491
brings,226,219,7,0.492134831
afraid,238,231,7,0.492537313
desire,326,319,7,0.494573643
mentioned,335,328,7,0.494720965
provides,353,346,7,0.494992847
agree,424,417,7,0.495838288
prevent,546,539,7,0.496774194
queens,10,2,8,0.166666667
guardian,20,12,8,0.375
fathers,61,53,8,0.464912281
nationalism,67,59,8,0.468253968
earthquake,68,60,8,0.46875
hackers,79,71,8,0.473333333
abuses,87,79,8,0.475903614
meat,95,87,8,0.478021978
raw,111,103,8,0.481308411
implications,117,109,8,0.482300885
sponsored,139,131,8,0.485185185
creates,155,147,8,0.486754967
disease,161,153,8,0.487261146
connections,169,161,8,0.487878788
institutions,236,228,8,0.49137931
learn,461,453,8,0.495623632
elected,615,607,8,0.496726678
gov,15,6,9,0.285714286
lord,20,11,9,0.35483871
temple,24,15,9,0.384615385
frank,25,16,9,0.390243902
recession,51,42,9,0.451612903
disorder,58,49,9,0.457943925
killer,66,57,9,0.463414634
sky,80,71,9,0.470198675
situations,87,78,9,0.472727273
hearts,93,84,9,0.474576271
blacks,94,85,9,0.474860335
wisdom,103,94,9,0.47715736
mandate,119,110,9,0.480349345
producing,129,120,9,0.481927711
denying,134,125,9,0.482625483
refusing,189,180,9,0.487804878
connected,286,277,9,0.492007105
thinks,310,301,9,0.492635025
effective,361,352,9,0.49368864
admiral,16,6,10,0.272727273
hill,42,32,10,0.432432432
fleet,60,50,10,0.454545455
bears,84,74,10,0.46835443
assassination,91,81,10,0.470930233
replied,94,84,10,0.471910112
stops,134,124,10,0.480620155
sector,144,134,10,0.482014388
solid,160,150,10,0.483870968
politician,203,193,10,0.487373737
successfully,205,195,10,0.4875
protection,276,266,10,0.490774908
impossible,312,302,10,0.491856678
physical,390,380,10,0.493506494
citizens,561,551,10,0.495503597
must,1480,1470,10,0.498305085
marine,35,24,11,0.406779661
911,48,37,11,0.435294118
globalization,54,43,11,0.443298969
index,57,46,11,0.446601942
expenses,70,59,11,0.457364341
comparison,87,76,11,0.466257669
structures,88,77,11,0.466666667
donor,107,96,11,0.472906404
hole,118,107,11,0.475555556
leftist,120,109,11,0.475982533
spreading,132,121,11,0.47826087
dog,138,127,11,0.479245283
demonstrate,143,132,11,0.48
bunch,162,151,11,0.482428115
fighters,210,199,11,0.486552567
reasons,396,385,11,0.492957746
avenue,21,9,12,0.3
woods,32,20,12,0.384615385
giants,53,41,12,0.436170213
radar,66,54,12,0.45
villages,77,65,12,0.457746479
contractors,79,67,12,0.45890411
compound,81,69,12,0.46
techniques,92,80,12,0.465116279
industries,103,91,12,0.469072165
horror,114,102,12,0.472222222
disclosure,115,103,12,0.472477064
incidents,119,107,12,0.473451327
ship,139,127,12,0.477443609
preventing,141,129,12,0.477777778
recognition,144,132,12,0.47826087
alive,147,135,12,0.478723404
incident,262,250,12,0.48828125
wake,270,258,12,0.488636364
ruling,346,334,12,0.491176471
investigation,903,891,12,0.496655518
mills,16,3,13,0.157894737
gates,45,32,13,0.415584416
agriculture,60,47,13,0.439252336
magic,86,73,13,0.459119497
reader,91,78,13,0.461538462
troubling,104,91,13,0.466666667
scared,111,98,13,0.468899522
interference,119,106,13,0.471111111
mouth,121,108,13,0.471615721
medicine,128,115,13,0.473251029
researcher,142,129,13,0.47601476
manner,168,155,13,0.479876161
swing,171,158,13,0.480243161
campaigns,182,169,13,0.481481481
intention,184,171,13,0.481690141
severe,226,213,13,0.485193622
acts,285,272,13,0.488330341
pregnancy,64,50,14,0.438596491
province,93,79,14,0.459302326
emotions,93,79,14,0.459302326
joy,99,85,14,0.461956522
dying,122,108,14,0.469565217
bold,135,121,14,0.47265625
airstrikes,140,126,14,0.473684211
flag,187,173,14,0.480555556
borders,222,208,14,0.48372093
designed,472,458,14,0.492473118
water,573,559,14,0.493816254
bullets,54,39,15,0.419354839
garden,61,46,15,0.429906542
moon,61,46,15,0.429906542
53,74,59,15,0.443609023
deleted,84,69,15,0.450980392
jet,88,73,15,0.453416149
stocks,100,85,15,0.459459459
artificial,114,99,15,0.464788732
initiative,114,99,15,0.464788732
possession,119,104,15,0.466367713
theories,119,104,15,0.466367713
organizing,122,107,15,0.467248908
command,144,129,15,0.472527473
map,168,153,15,0.476635514
industrial,206,191,15,0.481108312
century,235,220,15,0.483516484
posts,251,236,15,0.484599589
personally,270,255,15,0.485714286
freedom,371,356,15,0.489683631
influence,593,578,15,0.493595218
bowl,45,29,16,0.391891892
uncle,55,39,16,0.414893617
pollution,70,54,16,0.435483871
zones,76,60,16,0.441176471
fault,98,82,16,0.455555556
spy,107,91,16,0.45959596
stability,107,91,16,0.45959596
alert,110,94,16,0.460784314
consensus,137,121,16,0.468992248
agreements,141,125,16,0.469924812
generations,142,126,16,0.470149254
solve,148,132,16,0.471428571
atmosphere,151,135,16,0.472027972
circumstances,163,147,16,0.474193548
slowly,186,170,16,0.47752809
titled,186,170,16,0.47752809
targets,215,199,16,0.480676329
imagine,314,298,16,0.486928105
simple,450,434,16,0.490950226
anyone,955,939,16,0.495776135
lake,35,18,17,0.339622642
mount,57,40,17,0.412371134
1994,76,59,17,0.437037037
sweet,84,67,17,0.443708609
prayer,102,85,17,0.454545455
charity,107,90,17,0.456852792
underground,109,92,17,0.457711443
suspicious,116,99,17,0.460465116
guidelines,130,113,17,0.465020576
wonderful,146,129,17,0.469090909
incredible,158,141,17,0.471571906
involves,178,161,17,0.474926254
billionaire,243,226,17,0.481876333
seems,1030,1013,17,0.495839452
frankly,59,41,18,0.41
2020,67,49,18,0.422413793
subjects,109,91,18,0.455
journal,111,93,18,0.455882353
cry,112,94,18,0.45631068
smoke,127,109,18,0.461864407
locations,134,116,18,0.464
stress,148,130,18,0.467625899
guarantee,152,134,18,0.468531469
tactics,190,172,18,0.475138122
fairly,195,177,18,0.475806452
harm,224,206,18,0.479069767
demanding,243,225,18,0.480769231
supporting,465,447,18,0.490131579
everything,891,873,18,0.494897959
valley,30,11,19,0.268292683
federation,33,14,19,0.29787234
queen,49,30,19,0.379746835
debates,120,101,19,0.457013575
treating,130,111,19,0.460580913
seeks,153,134,19,0.466898955
bomb,231,212,19,0.478555305
supports,235,216,19,0.478935698
candidates,478,459,19,0.489861259
supporters,767,748,19,0.493729373
jersey,24,4,20,0.142857143
pope,30,10,20,0.25
gulf,33,13,20,0.282608696
churches,74,54,20,0.421875
registration,74,54,20,0.421875
crying,85,65,20,0.433333333
experiment,86,66,20,0.434210526
rating,96,76,20,0.441860465
instructions,111,91,20,0.45049505
minute,139,119,20,0.46124031
depending,140,120,20,0.461538462
choosing,151,131,20,0.464539007
headlines,153,133,20,0.465034965
consistently,174,154,20,0.469512195
acknowledge,189,169,20,0.472067039
elements,211,191,20,0.475124378
establish,212,192,20,0.475247525
appears,743,723,20,0.493178718
bay,31,10,21,0.243902439
airlines,47,26,21,0.356164384
rifle,67,46,21,0.407079646
1997,74,53,21,0.417322835
trash,76,55,21,0.419847328
subsidies,93,72,21,0.436363636
homeless,95,74,21,0.437869822
tree,98,77,21,0.44
nowhere,104,83,21,0.443850267
babies,104,83,21,0.443850267
description,116,95,21,0.450236967
declare,141,120,21,0.459770115
independence,155,134,21,0.46366782
prefer,173,152,21,0.467692308
fix,222,201,21,0.475177305
exercise,234,213,21,0.476510067
appropriate,242,221,21,0.477321814
meaning,327,306,21,0.483412322
entirely,396,375,21,0.486381323
author,719,698,21,0.492589979
understand,861,840,21,0.49382716
holder,34,12,22,0.260869565
royal,57,35,22,0.380434783
prisons,63,41,22,0.394230769
47,73,51,22,0.411290323
sample,86,64,22,0.426666667
weird,90,68,22,0.430379747
punishment,102,80,22,0.43956044
declaration,103,81,22,0.440217391
flat,108,86,22,0.443298969
wanting,145,123,22,0.458955224
posting,163,141,22,0.463815789
contacted,166,144,22,0.464516129
drinking,168,146,22,0.464968153
thank,180,158,22,0.467455621
bear,199,177,22,0.470744681
sharing,224,202,22,0.474178404
marked,229,207,22,0.474770642
soldiers,271,249,22,0.478846154
cannot,969,947,22,0.494258873
mate,57,34,23,0.373626374
amendment,73,50,23,0.406504065
origin,79,56,23,0.414814815
bin,79,56,23,0.414814815
king,81,58,23,0.417266187
epidemic,82,59,23,0.418439716
correspondent,101,78,23,0.43575419
congressman,111,88,23,0.442211055
counted,117,94,23,0.44549763
tracking,117,94,23,0.44549763
stressed,119,96,23,0.446511628
witness,165,142,23,0.462540717
hacking,177,154,23,0.465256798
folks,179,156,23,0.465671642
plant,197,174,23,0.469002695
27,214,191,23,0.471604938
count,239,216,23,0.474725275
aide,248,225,23,0.475687104
paper,353,330,23,0.483162518
aware,437,414,23,0.486486486
shown,469,446,23,0.487431694
human,1053,1030,23,0.494479117
cartel,61,37,24,0.37755102
library,69,45,24,0.394736842
1992,81,57,24,0.413043478
trials,84,60,24,0.416666667
enterprise,85,61,24,0.417808219
viral,94,70,24,0.426829268
tolerance,95,71,24,0.427710843
patterns,102,78,24,0.433333333
premiums,104,80,24,0.434782609
prosecution,124,100,24,0.446428571
races,124,100,24,0.446428571
fields,130,106,24,0.449152542
towns,141,117,24,0.453488372
violations,157,133,24,0.45862069
letting,177,153,24,0.463636364
notice,212,188,24,0.47
admitted,346,322,24,0.482035928
hate,370,346,24,0.483240223
daily,451,427,24,0.486332574
1980,65,40,25,0.380952381
51,85,60,25,0.413793103
lady,94,69,25,0.423312883
mystery,100,75,25,0.428571429
participants,125,100,25,0.444444444
checked,132,107,25,0.447698745
ought,162,137,25,0.45819398
sad,168,143,25,0.459807074
transfer,172,147,25,0.460815047
mainly,183,158,25,0.463343109
cancer,189,164,25,0.464589235
grand,206,181,25,0.467700258
protected,206,181,25,0.467700258
resulted,224,199,25,0.470449173
difference,353,328,25,0.48164464
exchange,363,338,25,0.482168331
reporting,385,360,25,0.483221477
easily,443,418,25,0.485481998
accept,471,446,25,0.486368593
circuit,39,13,26,0.25
sheriff,57,31,26,0.352272727
defendants,75,49,26,0.39516129
sum,85,59,26,0.409722222
impeachment,86,60,26,0.410958904
orange,91,65,26,0.416666667
marijuana,98,72,26,0.423529412
felony,104,78,26,0.428571429
random,105,79,26,0.429347826
taxpayer,108,82,26,0.431578947
petition,117,91,26,0.4375
lesson,124,98,26,0.441441441
2007,147,121,26,0.451492537
goods,147,121,26,0.451492537
principles,170,144,26,0.458598726
terrible,212,186,26,0.467336683
escape,227,201,26,0.469626168
cash,279,253,26,0.47556391
bank,299,273,26,0.477272727
states,945,919,26,0.493025751
amnesty,48,21,27,0.304347826
mountains,77,50,27,0.393700787
forum,80,53,27,0.398496241
murders,92,65,27,0.414012739
lock,98,71,27,0.420118343
sue,100,73,27,0.421965318
stations,103,76,27,0.424581006
tears,110,83,27,0.430051813
update,111,84,27,0.430769231
tip,112,85,27,0.431472081
favors,116,89,27,0.434146341
thin,118,91,27,0.435406699
communication,122,95,27,0.437788018
2001,123,96,27,0.438356164
margin,127,100,27,0.440528634
perception,132,105,27,0.443037975
contributions,135,108,27,0.444444444
judgment,137,110,27,0.44534413
rallies,140,113,27,0.446640316
contribute,143,116,27,0.447876448
jury,153,126,27,0.451612903
engaging,163,136,27,0.454849498
militants,168,141,27,0.45631068
assets,180,153,27,0.459459459
tremendous,200,173,27,0.463806971
tensions,232,205,27,0.469107551
associated,350,323,27,0.479940565
politicians,452,425,27,0.484606613
institute,53,25,28,0.320512821
bonds,89,61,28,0.406666667
dad,91,63,28,0.409090909
port,94,66,28,0.4125
demographic,99,71,28,0.417647059
guards,103,75,28,0.421348315
electricity,106,78,28,0.423913043
emphasis,107,79,28,0.424731183
exception,117,89,28,0.432038835
fish,119,91,28,0.433333333
register,120,92,28,0.433962264
savings,123,95,28,0.435779817
veterans,140,112,28,0.444444444
sexually,163,135,28,0.453020134
cheap,176,148,28,0.456790123
friendly,182,154,28,0.458333333
indicate,190,162,28,0.460227273
constant,213,185,28,0.464824121
assembly,54,25,29,0.316455696
literature,72,43,29,0.373913043
1995,77,48,29,0.384
eve,86,57,29,0.398601399
mistakes,94,65,29,0.408805031
soldier,105,76,29,0.419889503
beaten,120,91,29,0.431279621
materials,129,100,29,0.436681223
profound,138,109,29,0.441295547
expression,139,110,29,0.441767068
sorts,145,116,29,0.444444444
gift,160,131,29,0.450171821
rape,170,141,29,0.453376206
location,202,173,29,0.461333333
standard,343,314,29,0.477929985
heritage,85,55,30,0.392857143
raid,88,58,30,0.397260274
noise,92,62,30,0.402597403
fixed,113,83,30,0.423469388
ideal,116,86,30,0.425742574
ill,121,91,30,0.429245283
sufficient,131,101,30,0.435344828
succeeded,132,102,30,0.435897436
sworn,137,107,30,0.43852459
fate,163,133,30,0.449324324
donors,185,155,30,0.455882353
weapon,191,161,30,0.457386364
lots,206,176,30,0.460732984
historical,260,230,30,0.469387755
enjoy,263,233,30,0.469758065
apparently,456,426,30,0.482993197
palm,46,15,31,0.245901639
neck,83,52,31,0.385185185
tonight,91,60,31,0.397350993
attorneys,91,60,31,0.397350993
mile,98,67,31,0.406060606
44,104,73,31,0.412429379
rebel,127,96,31,0.430493274
patient,132,101,31,0.433476395
select,146,115,31,0.440613027
somewhere,160,129,31,0.446366782
heat,169,138,31,0.449511401
damaging,172,141,31,0.450479233
spirit,179,148,31,0.452599388
guns,195,164,31,0.456824513
surveillance,230,199,31,0.463869464
involvement,254,223,31,0.467505241
faith,265,234,31,0.468937876
free,1138,1107,31,0.493095768
recipe,77,45,32,0.368852459
ocean,88,56,32,0.388888889
1998,88,56,32,0.388888889
mom,95,63,32,0.398734177
loan,102,70,32,0.406976744
prohibited,107,75,32,0.412087912
teachers,111,79,32,0.415789474
sleeping,112,80,32,0.416666667
leverage,113,81,32,0.417525773
campaigning,127,95,32,0.427927928
participating,130,98,32,0.429824561
drink,140,108,32,0.435483871
generate,143,111,32,0.437007874
copy,174,142,32,0.449367089
document,252,220,32,0.466101695
straight,286,254,32,0.47037037
kill,408,376,32,0.479591837
favor,450,418,32,0.48156682
else,642,610,32,0.487220447
sure,1034,1002,32,0.492141454
chase,53,20,33,0.273972603
1990,67,34,33,0.336633663
holdings,70,37,33,0.345794393
unions,84,51,33,0.377777778
fires,86,53,33,0.381294964
52,97,64,33,0.397515528
distribution,109,76,33,0.410810811
rumors,116,83,33,0.417085427
publish,126,93,33,0.424657534
coast,148,115,33,0.437262357
2003,154,121,33,0.44
wage,164,131,33,0.444067797
shocked,180,147,33,0.449541284
answers,184,151,33,0.450746269
weak,185,152,33,0.451038576
combined,205,172,33,0.456233422
officially,261,228,33,0.466257669
mental,262,229,33,0.466395112
add,410,377,33,0.479034307
ready,542,509,33,0.484300666
pastor,56,22,34,0.282051282
sponsors,68,34,34,0.333333333
differently,86,52,34,0.376811594
illness,86,52,34,0.376811594
deficit,92,58,34,0.386666667
editors,95,61,34,0.391025641
dreams,108,74,34,0.406593407
philosophy,109,75,34,0.407608696
nervous,109,75,34,0.407608696
minorities,118,84,34,0.415841584
payment,122,88,34,0.419047619
brothers,143,109,34,0.432539683
hiding,151,117,34,0.436567164
duty,174,140,34,0.445859873
describes,237,203,34,0.461363636
markets,256,222,34,0.464435146
real,1491,1457,34,0.494233379
judiciary,55,20,35,0.266666667
holy,94,59,35,0.385620915
alcohol,104,69,35,0.398843931
ring,107,72,35,0.402234637
dynamic,116,81,35,0.411167513
loves,133,98,35,0.424242424
conventional,170,135,35,0.442622951
file,179,144,35,0.445820433
promoted,182,147,35,0.446808511
vital,192,157,35,0.449856734
sanctions,205,170,35,0.453333333
apart,215,180,35,0.455696203
sea,229,194,35,0.458628842
equal,244,209,35,0.461368653
surrounding,308,273,35,0.469879518
food,588,553,35,0.484662577
course,773,738,35,0.488418266
virus,77,41,36,0.347457627
delegates,92,56,36,0.378378378
storage,101,65,36,0.391566265
delivery,104,68,36,0.395348837
loyalty,109,73,36,0.401098901
authors,114,78,36,0.40625
switch,128,92,36,0.418181818
achieved,146,110,36,0.4296875
stopping,151,115,36,0.432330827
wild,188,152,36,0.447058824
focusing,211,175,36,0.453367876
scale,216,180,36,0.454545455
fortune,105,68,37,0.393063584
outlet,108,71,37,0.396648045
funny,120,83,37,0.408866995
unity,122,85,37,0.410628019
joke,128,91,37,0.415525114
professionals,135,98,37,0.420600858
formerly,136,99,37,0.421276596
publication,150,113,37,0.429657795
employed,159,122,37,0.434163701
documentary,172,135,37,0.439739414
trained,203,166,37,0.449864499
knowing,270,233,37,0.463220676
fit,283,246,37,0.465028355
activity,307,270,37,0.467937608
3,641,604,37,0.485140562
anthem,62,24,38,0.279069767
legislature,65,27,38,0.293478261
wrestling,65,27,38,0.293478261
islands,69,31,38,0.31
forest,75,37,38,0.330357143
embassy,94,56,38,0.373333333
painting,100,62,38,0.382716049
departments,103,65,38,0.386904762
channels,105,67,38,0.389534884
waters,108,70,38,0.393258427
waves,119,81,38,0.405
operates,124,86,38,0.40952381
sun,134,96,38,0.417391304
animal,143,105,38,0.423387097
opponent,151,113,38,0.428030303
classes,152,114,38,0.428571429
declaring,162,124,38,0.433566434
smart,170,132,38,0.437086093
ideological,171,133,38,0.4375
subsequent,171,133,38,0.4375
phrase,192,154,38,0.445086705
mark,193,155,38,0.445402299
hundred,248,210,38,0.458515284
nobody,254,216,38,0.459574468
billions,263,225,38,0.461065574
laboratory,74,35,39,0.321100917
mortgage,75,36,39,0.324324324
snow,88,49,39,0.357664234
flags,93,54,39,0.367346939
educational,126,87,39,0.408450704
endorse,134,95,39,0.414847162
defeated,137,98,39,0.417021277
depend,143,104,39,0.421052632
master,150,111,39,0.425287356
adds,154,115,39,0.427509294
silent,163,124,39,0.432055749
choices,164,125,39,0.432525952
detail,188,149,39,0.442136499
silence,190,151,39,0.442815249
personnel,204,165,39,0.447154472
effects,332,293,39,0.4688
light,592,553,39,0.482969432
per,592,553,39,0.482969432
rice,71,31,40,0.303921569
patrol,93,53,40,0.363013699
emerge,123,83,40,0.402912621
2002,125,85,40,0.404761905
determination,126,86,40,0.405660377
fighter,131,91,40,0.40990991
casting,131,91,40,0.40990991
extremist,141,101,40,0.417355372
user,142,102,40,0.418032787
assess,142,102,40,0.418032787
2006,152,112,40,0.424242424
normally,159,119,40,0.428057554
circle,164,124,40,0.430555556
investigated,174,134,40,0.435064935
opposing,182,142,40,0.438271605
ad,189,149,40,0.440828402
color,190,150,40,0.441176471
jail,206,166,40,0.446236559
code,209,169,40,0.447089947
ends,219,179,40,0.449748744
targeting,240,200,40,0.454545455
perfect,306,266,40,0.465034965
none,403,363,40,0.473890339
explain,469,429,40,0.477728285
matter,965,925,40,0.489417989
foster,74,33,41,0.308411215
cook,79,38,41,0.324786325
homeland,79,38,41,0.324786325
providers,82,41,41,0.333333333
river,84,43,41,0.338582677
bloc,97,56,41,0.366013072
exchanges,100,59,41,0.371069182
virtual,102,61,41,0.374233129
mosque,102,61,41,0.374233129
golden,103,62,41,0.375757576
taxpayers,111,70,41,0.386740331
stable,127,86,41,0.403755869
prospects,128,87,41,0.404651163
whenever,134,93,41,0.40969163
versus,145,104,41,0.417670683
updated,146,105,41,0.418326693
donated,155,114,41,0.423791822
reject,170,129,41,0.431438127
aspects,175,134,41,0.433656958
mobile,185,144,41,0.43768997
cold,212,171,41,0.446475196
taught,229,188,41,0.450839329
eat,245,204,41,0.454342984
demand,401,360,41,0.473061761
voters,850,809,41,0.487643159
says,1405,1364,41,0.492596605
1996,88,46,42,0.343283582
technologies,92,50,42,0.352112676
clock,94,52,42,0.356164384
category,95,53,42,0.358108108
lets,97,55,42,0.361842105
guidance,108,66,42,0.379310345
buried,128,86,42,0.401869159
practical,133,91,42,0.40625
reliable,134,92,42,0.407079646
permitted,135,93,42,0.407894737
beneath,140,98,42,0.411764706
gains,165,123,42,0.427083333
perceived,173,131,42,0.430921053
demonstrated,196,154,42,0.44
pattern,196,154,42,0.44
manage,206,164,42,0.443243243
empty,214,172,42,0.445595855
supporter,239,197,42,0.451834862
scientists,277,235,42,0.458984375
claim,691,649,42,0.484328358
itself,796,754,42,0.486451613
caucus,50,7,43,0.122807018
wood,74,31,43,0.295238095
math,88,45,43,0.338345865
smile,99,56,43,0.361290323
underway,103,60,43,0.36809816
citizenship,113,70,43,0.382513661
2004,141,98,43,0.410041841
column,152,109,43,0.417624521
memory,156,113,43,0.420074349
plot,188,145,43,0.435435435
extend,192,149,43,0.436950147
flying,202,159,43,0.440443213
capacity,207,164,43,0.442048518
sounds,239,196,43,0.450574713
investigations,249,206,43,0.452747253
environment,249,206,43,0.452747253
constitutional,258,215,43,0.454545455
products,287,244,43,0.459510358
24,353,310,43,0.467571644
clinic,66,22,44,0.25
54,75,31,44,0.29245283
factories,91,47,44,0.34057971
41,96,52,44,0.351351351
phase,119,75,44,0.386597938
household,123,79,44,0.391089109
council,127,83,44,0.395238095
acceptance,129,85,44,0.397196262
dramatic,173,129,44,0.427152318
differences,180,136,44,0.430379747
nice,244,200,44,0.45045045
direction,275,231,44,0.456521739
conditions,332,288,44,0.464516129
justices,77,32,45,0.293577982
extremists,97,52,45,0.348993289
1970s,111,66,45,0.372881356
defensive,125,80,45,0.390243902
endorsement,125,80,45,0.390243902
consideration,131,86,45,0.396313364
flood,132,87,45,0.397260274
sight,133,88,45,0.398190045
participation,142,97,45,0.405857741
bed,151,106,45,0.412451362
bound,161,116,45,0.418772563
journey,178,133,45,0.427652733
trading,180,135,45,0.428571429
anybody,184,139,45,0.430340557
defined,208,163,45,0.4393531
thrown,219,174,45,0.442748092
promoting,242,197,45,0.448747153
researchers,272,227,45,0.45490982
investigating,302,257,45,0.459749553
trust,372,327,45,0.467811159
prove,386,341,45,0.469050894
discussed,390,345,45,0.469387755
watch,533,488,45,0.477962782
swift,85,39,46,0.314516129
95,86,40,46,0.317460317
equity,103,57,46,0.35625
volunteers,106,60,46,0.361445783
computers,110,64,46,0.367816092
underlying,128,82,46,0.39047619
hanging,144,98,46,0.404958678
bureau,159,113,46,0.415441176
involve,164,118,46,0.418439716
considerable,173,127,46,0.423333333
emerging,191,145,46,0.431547619
citizen,210,164,46,0.438502674
pain,220,174,46,0.441624365
unlike,234,188,46,0.44549763
existing,265,219,46,0.452479339
struggle,289,243,46,0.456766917
defeat,347,301,46,0.464506173
agenda,350,304,46,0.464831804
documents,446,400,46,0.472813239
global,937,891,46,0.487417943
academy,58,11,47,0.15942029
corps,65,18,47,0.21686747
arena,69,22,47,0.241758242
pro,96,49,47,0.337931034
shelter,103,56,47,0.352201258
resign,105,58,47,0.355828221
displaced,116,69,47,0.372972973
phones,125,78,47,0.384236453
bond,131,84,47,0.390697674
wages,132,85,47,0.391705069
trusted,136,89,47,0.395555556
meaningful,137,90,47,0.396475771
lobbying,140,93,47,0.399141631
historically,153,106,47,0.409266409
halt,163,116,47,0.415770609
controls,174,127,47,0.42192691
tool,199,152,47,0.433048433
understood,255,208,47,0.44924406
rest,813,766,47,0.485117163
1993,79,31,48,0.281818182
chamber,81,33,48,0.289473684
roof,84,36,48,0.3
lab,89,41,48,0.315384615
sentences,99,51,48,0.34
tragedy,105,57,48,0.351851852
explosion,107,59,48,0.355421687
loans,107,59,48,0.355421687
oversight,111,63,48,0.362068966
prisoners,117,69,48,0.370967742
momentum,122,74,48,0.37755102
resort,125,77,48,0.381188119
cards,127,79,48,0.383495146
strongest,146,98,48,0.401639344
surprising,194,146,48,0.429411765
dream,197,149,48,0.430635838
ally,210,162,48,0.435483871
falling,220,172,48,0.43877551
deny,247,199,48,0.446188341
oppose,251,203,48,0.447136564
opposite,262,214,48,0.449579832
heads,270,222,48,0.451219512
individuals,452,404,48,0.471962617
apps,71,22,49,0.23655914
gangs,78,29,49,0.271028037
temperatures,88,39,49,0.307086614
brown,102,53,49,0.341935484
hedge,109,60,49,0.355029586
facility,117,68,49,0.367567568
contracts,118,69,49,0.368983957
properties,121,72,49,0.373056995
signals,126,77,49,0.379310345
maximum,142,93,49,0.395744681
hitting,160,111,49,0.409594096
checks,166,117,49,0.413427562
removing,171,122,49,0.416382253
visible,173,124,49,0.417508418
net,183,134,49,0.422712934
restore,197,148,49,0.428985507
recognized,241,192,49,0.443418014
independent,516,467,49,0.475076297
99,86,36,50,0.295081967
cooking,96,46,50,0.323943662
swimming,98,48,50,0.328767123
parliamentary,120,70,50,0.368421053
pack,122,72,50,0.371134021
dry,123,73,50,0.37244898
alarm,125,75,50,0.375
arrests,126,76,50,0.376237624
burned,137,87,50,0.388392857
institution,149,99,50,0.399193548
poverty,151,101,50,0.400793651
renewed,153,103,50,0.40234375
generated,169,119,50,0.413194444
feelings,172,122,50,0.414965986
brutal,196,146,50,0.426900585
conflicts,202,152,50,0.429378531
starts,229,179,50,0.43872549
surprise,335,285,50,0.459677419
attacked,383,333,50,0.465083799
amount,644,594,50,0.479806139
customs,66,15,51,0.185185185
meal,90,39,51,0.302325581
row,101,50,51,0.331125828
cloud,101,50,51,0.331125828
estimate,127,76,51,0.374384236
reduction,129,78,51,0.376811594
respected,141,90,51,0.38961039
warming,143,92,51,0.391489362
isolated,146,95,51,0.394190871
plants,149,98,51,0.396761134
29,149,98,51,0.396761134
badly,167,116,51,0.409893993
sleep,174,123,51,0.414141414
bodies,239,188,51,0.44028103
orders,260,209,51,0.445628998
turns,376,325,51,0.463623395
presidency,381,330,51,0.464135021
wrong,541,490,51,0.475266731
throughout,680,629,51,0.480519481
read,772,721,51,0.482920295
everyone,878,827,51,0.485043988
900,75,23,52,0.234693878
charter,78,26,52,0.25
offense,94,42,52,0.308823529
edition,117,65,52,0.357142857
farm,124,72,52,0.367346939
rolling,132,80,52,0.377358491
anonymous,142,90,52,0.387931034
designated,144,92,52,0.389830508
lessons,148,96,52,0.393442623
20th,167,115,52,0.407801418
followers,190,138,52,0.420731707
equipment,192,140,52,0.421686747
impose,236,184,52,0.438095238
clean,286,234,52,0.45
hand,589,537,52,0.476909414
parade,84,31,53,0.269565217
policing,90,37,53,0.291338583
neighbor,95,42,53,0.306569343
counties,102,49,53,0.324503311
39,111,58,53,0.343195266
37,113,60,53,0.346820809
42,116,63,53,0.351955307
makers,117,64,53,0.35359116
grounds,148,95,53,0.390946502
speculation,151,98,53,0.393574297
saved,166,113,53,0.405017921
combat,304,251,53,0.452252252
normal,340,287,53,0.457735247
active,352,299,53,0.459293395
worth,613,560,53,0.477408355
flowers,76,22,54,0.224489796
46,93,39,54,0.295454545
funeral,97,43,54,0.307142857
advisory,107,53,54,0.33125
1960s,114,60,54,0.344827586
recovered,120,66,54,0.35483871
affordable,124,70,54,0.360824742
permit,124,70,54,0.360824742
ages,128,74,54,0.366336634
retirement,137,83,54,0.377272727
pays,137,83,54,0.377272727
popularity,144,90,54,0.384615385
monitoring,146,92,54,0.386554622
publishing,148,94,54,0.388429752
quit,152,98,54,0.392
abroad,161,107,54,0.399253731
loyal,172,118,54,0.406896552
employment,172,118,54,0.406896552
backing,227,173,54,0.4325
advanced,254,200,54,0.440528634
sites,294,240,54,0.449438202
transit,83,28,55,0.252252252
therapy,87,32,55,0.268907563
trafficking,105,50,55,0.322580645
1990s,115,60,55,0.342857143
ownership,119,64,55,0.349726776
remote,129,74,55,0.36453202
kid,131,76,55,0.367149758
personality,140,85,55,0.377777778
hits,146,91,55,0.383966245
headline,152,97,55,0.389558233
considers,159,104,55,0.395437262
weekly,164,109,55,0.399267399
opinions,187,132,55,0.413793103
native,216,161,55,0.427055703
gas,313,258,55,0.451838879
remember,473,418,55,0.469135802
chancellor,63,7,56,0.1
afterward,68,12,56,0.15
inmates,77,21,56,0.214285714
testified,138,82,56,0.372727273
painted,142,86,56,0.377192982
timing,143,87,56,0.37826087
comprehensive,164,108,56,0.397058824
factors,201,145,56,0.419075145
box,227,171,56,0.429648241
express,262,206,56,0.44017094
eastern,286,230,56,0.445736434
believe,1599,1543,56,0.491088479
stadium,68,11,57,0.139240506
tower,78,21,57,0.212121212
screening,97,40,57,0.291970803
settlements,97,40,57,0.291970803
34,112,55,57,0.329341317
collapsed,122,65,57,0.347593583
procedures,126,69,57,0.353846154
segment,130,73,57,0.359605911
comfort,132,75,57,0.362318841
crash,138,81,57,0.369863014
tenure,143,86,57,0.375545852
lists,144,87,57,0.376623377
principal,145,88,57,0.377682403
conducting,167,110,57,0.397111913
trail,167,110,57,0.397111913
replacing,168,111,57,0.397849462
addressing,186,129,57,0.40952381
portion,203,146,57,0.418338109
expansion,229,172,57,0.428927681
accepted,299,242,57,0.447319778
essentially,333,276,57,0.45320197
sex,355,298,57,0.456355283
damage,470,413,57,0.467723669
captain,71,13,58,0.154761905
divorce,96,38,58,0.28358209
foreigners,110,52,58,0.320987654
enthusiasm,122,64,58,0.344086022
copies,123,65,58,0.345744681
falls,142,84,58,0.371681416
acquired,148,90,58,0.378151261
explosive,152,94,58,0.382113821
editorial,156,98,58,0.385826772
aftermath,174,116,58,0.4
gap,182,124,58,0.405228758
busy,194,136,58,0.412121212
surrounded,199,141,58,0.414705882
follows,212,154,58,0.420765027
dedicated,260,202,58,0.437229437
specifically,304,246,58,0.447272727
fake,308,250,58,0.448028674
libertarian,86,27,59,0.238938053
spaces,95,36,59,0.27480916
applications,105,46,59,0.304635762
contacts,124,65,59,0.343915344
peak,126,67,59,0.347150259
leg,130,71,59,0.353233831
ads,135,76,59,0.360189573
degrees,141,82,59,0.367713004
burden,156,97,59,0.383399209
confront,160,101,59,0.38697318
militant,164,105,59,0.390334572
elsewhere,175,116,59,0.39862543
weather,185,126,59,0.405144695
raises,194,135,59,0.410334347
fuel,212,153,59,0.419178082
discussions,224,165,59,0.424164524
developing,269,210,59,0.438413361
gold,275,216,59,0.439918534
holds,287,228,59,0.442718447
uses,345,286,59,0.453248811
43,112,52,60,0.317073171
fights,118,58,60,0.329545455
accident,124,64,60,0.340425532
confusion,138,78,60,0.361111111
universities,140,80,60,0.363636364
metal,154,94,60,0.379032258
overcome,159,99,60,0.38372093
storm,160,100,60,0.384615385
gather,166,106,60,0.389705882
assumed,181,121,60,0.400662252
academic,191,131,60,0.406832298
reverse,202,142,60,0.412790698
voices,203,143,60,0.413294798
shoot,206,146,60,0.414772727
negotiations,220,160,60,0.421052632
likes,250,190,60,0.431818182
necessarily,284,224,60,0.440944882
claiming,410,350,60,0.460526316
modern,518,458,60,0.469262295
economy,552,492,60,0.471264368
goes,798,738,60,0.48046875
commerce,85,24,61,0.220183486
fame,96,35,61,0.267175573
lifetime,115,54,61,0.319526627
reforms,116,55,61,0.321637427
flights,117,56,61,0.323699422
residence,119,58,61,0.327683616
resignation,127,66,61,0.341968912
rounds,129,68,61,0.345177665
application,138,77,61,0.358139535
600,139,78,61,0.359447005
struggles,146,85,61,0.367965368
presents,146,85,61,0.367965368
bag,155,94,61,0.37751004
roots,155,94,61,0.37751004
youth,171,110,61,0.391459075
resolution,193,132,61,0.406153846
shock,193,132,61,0.406153846
cross,210,149,61,0.415041783
weight,222,161,61,0.420365535
practices,227,166,61,0.422391858
closer,365,304,61,0.454409567
alone,444,383,61,0.46311971
highly,591,530,61,0.47279215
clubs,83,21,62,0.201923077
shifts,121,59,62,0.327777778
judicial,151,89,62,0.370833333
lowest,156,94,62,0.376
intends,157,95,62,0.376984127
facilities,166,104,62,0.385185185
recall,178,116,62,0.394557823
outlets,254,192,62,0.430493274
regional,271,209,62,0.435416667
relations,435,373,62,0.461633663
powerful,756,694,62,0.47862069
wine,103,40,63,0.27972028
highway,103,40,63,0.27972028
successor,109,46,63,0.296774194
managers,122,59,63,0.325966851
hero,129,66,63,0.338461538
boss,131,68,63,0.341708543
pregnant,136,73,63,0.349282297
pose,164,101,63,0.381132075
accepting,177,114,63,0.391752577
skills,179,116,63,0.393220339
protecting,286,223,63,0.438113949
terror,303,240,63,0.44198895
considering,354,291,63,0.451162791
sending,389,326,63,0.455944056
answer,559,496,63,0.47014218
engineers,94,30,64,0.241935484
directors,108,44,64,0.289473684
pilot,119,55,64,0.316091954
loud,146,82,64,0.359649123
opens,155,91,64,0.369918699
seconds,168,104,64,0.382352941
tested,181,117,64,0.39261745
winner,184,120,64,0.394736842
hostile,194,130,64,0.401234568
explaining,200,136,64,0.404761905
violated,204,140,64,0.406976744
puts,271,207,64,0.433054393
deaths,295,231,64,0.439163498
produce,348,284,64,0.449367089
points,590,526,64,0.471326165
direct,609,545,64,0.472270364
fighting,713,649,64,0.47650514
sessions,99,34,65,0.255639098
urge,155,90,65,0.367346939
cleared,155,90,65,0.367346939
dating,156,91,65,0.368421053
notable,159,94,65,0.371541502
expressing,169,104,65,0.380952381
kicked,170,105,65,0.381818182
pursuing,178,113,65,0.388316151
sudden,179,114,65,0.389078498
pulling,199,134,65,0.402402402
maintained,202,137,65,0.404129794
flow,234,169,65,0.419354839
finds,247,182,65,0.424242424
significantly,260,195,65,0.428571429
treat,263,198,65,0.429501085
generation,273,208,65,0.432432432
bottom,275,210,65,0.432989691
double,285,220,65,0.435643564
income,297,232,65,0.438563327
guilty,300,235,65,0.439252336
basic,409,344,65,0.456839309
benefit,421,356,65,0.458172458
massacre,114,48,66,0.296296296
venture,136,70,66,0.339805825
membership,139,73,66,0.344339623
teaching,147,81,66,0.355263158
faster,163,97,66,0.373076923
reviewed,163,97,66,0.373076923
passage,169,103,66,0.378676471
monthly,184,118,66,0.390728477
capture,187,121,66,0.392857143
purchase,193,127,66,0.396875
carefully,213,147,66,0.408333333
demands,240,174,66,0.420289855
usual,261,195,66,0.427631579
eye,291,225,66,0.436046512
energy,464,398,66,0.461716937
doping,70,3,67,0.04109589
compensation,111,44,67,0.283870968
recommendations,118,51,67,0.301775148
districts,125,58,67,0.316939891
55,131,64,67,0.328205128
lobby,133,66,67,0.331658291
label,136,69,67,0.336585366
consulting,148,81,67,0.35371179
deciding,149,82,67,0.354978355
improving,158,91,67,0.365461847
enforce,170,103,67,0.377289377
guide,187,120,67,0.390879479
arm,208,141,67,0.404011461
28,231,164,67,0.415189873
21,248,181,67,0.421911422
investigate,262,195,67,0.426695842
plenty,307,240,67,0.438756856
stuff,308,241,67,0.438979964
engaged,331,264,67,0.443697479
connection,365,298,67,0.449472097
crisis,520,453,67,0.465570401
dean,75,7,68,0.085365854
yards,101,33,68,0.246268657
disappeared,107,39,68,0.267123288
beer,109,41,68,0.273333333
detention,111,43,68,0.279220779
chicken,112,44,68,0.282051282
websites,123,55,68,0.308988764
unfair,130,62,68,0.322916667
firms,147,79,68,0.349557522
counts,151,83,68,0.354700855
candidacy,153,85,68,0.357142857
chain,193,125,68,0.393081761
county,198,130,68,0.396341463
links,218,150,68,0.407608696
registered,273,205,68,0.428870293
importance,298,230,68,0.435606061
matters,301,233,68,0.436329588
leads,303,235,68,0.436802974
quality,306,238,68,0.4375
promises,326,258,68,0.441780822
computer,342,274,68,0.444805195
reportedly,468,400,68,0.460829493
actions,602,534,68,0.470070423
prize,106,37,69,0.258741259
250,116,47,69,0.288343558
boat,120,51,69,0.298245614
association,139,70,69,0.33492823
losses,161,92,69,0.363636364
damaged,185,116,69,0.38538206
routinely,187,118,69,0.386885246
stance,190,121,69,0.389067524
rock,194,125,69,0.39184953
items,208,139,69,0.400576369
strength,224,155,69,0.408970976
drugs,245,176,69,0.418052257
responsible,537,468,69,0.465671642
site,556,487,69,0.466922339
claims,748,679,69,0.475823406
tennis,80,10,70,0.111111111
insurers,85,15,70,0.15
emissions,112,42,70,0.272727273
conviction,123,53,70,0.301136364
49,124,54,70,0.303370787
mountain,125,55,70,0.305555556
priorities,129,59,70,0.313829787
disclosed,135,65,70,0.325
stark,141,71,70,0.33490566
statistics,142,72,70,0.336448598
invest,152,82,70,0.35042735
submitted,153,83,70,0.351694915
abandon,156,86,70,0.355371901
symbol,179,109,70,0.378472222
relative,192,122,70,0.388535032
deemed,201,131,70,0.394578313
illegally,202,132,70,0.395209581
relationships,204,134,70,0.396449704
girls,237,167,70,0.413366337
text,263,193,70,0.423245614
2008,374,304,70,0.448377581
crime,482,412,70,0.460850112
85,100,29,71,0.224806202
nonetheless,101,30,71,0.229007634
permits,106,35,71,0.24822695
mothers,120,49,71,0.289940828
trucks,120,49,71,0.289940828
bridge,137,66,71,0.325123153
rent,139,68,71,0.328502415
tweets,144,73,71,0.33640553
celebrating,152,81,71,0.347639485
gang,172,101,71,0.36996337
invested,173,102,71,0.370909091
winter,174,103,71,0.371841155
preferred,175,104,71,0.372759857
minimum,178,107,71,0.375438596
encouraging,199,128,71,0.391437309
standards,273,202,71,0.425263158
neither,371,300,71,0.44709389
ensure,512,441,71,0.462749213
recovery,126,54,72,0.3
motion,137,65,72,0.321782178
roads,140,68,72,0.326923077
contest,145,73,72,0.334862385
sentiment,146,74,72,0.336363636
avoided,155,83,72,0.348739496
boys,166,94,72,0.361538462
economics,168,96,72,0.363636364
listening,181,109,72,0.375862069
contrast,185,113,72,0.379194631
stick,195,123,72,0.386792453
tweeted,203,131,72,0.392215569
formed,213,141,72,0.398305085
noticed,265,193,72,0.42139738
abuse,276,204,72,0.425
failure,332,260,72,0.439189189
wait,390,318,72,0.449152542
further,1031,959,72,0.481909548
shirt,115,42,73,0.267515924
tips,120,47,73,0.281437126
carbon,132,59,73,0.308900524
fees,145,72,73,0.331797235
hospitals,152,79,73,0.341991342
argues,153,80,73,0.343347639
stake,177,104,73,0.370106762
village,195,122,73,0.384858044
careful,201,128,73,0.389057751
sensitive,229,156,73,0.405194805
representing,234,161,73,0.407594937
representative,237,164,73,0.408977556
typical,239,166,73,0.409876543
realized,245,172,73,0.412470024
replaced,259,186,73,0.417977528
afford,269,196,73,0.421505376
property,317,244,73,0.434937611
increasing,386,313,73,0.447782546
1,803,730,73,0.476190476
attackers,95,21,74,0.181034483
deported,111,37,74,0.25
custody,131,57,74,0.303191489
lights,142,68,74,0.323809524
expectations,148,74,74,0.333333333
strict,150,76,74,0.336283186
explicitly,159,85,74,0.348360656
nationalist,161,87,74,0.350806452
injuries,191,117,74,0.37987013
graduate,198,124,74,0.385093168
goals,211,137,74,0.393678161
consistent,211,137,74,0.393678161
quarter,233,159,74,0.405612245
chances,234,160,74,0.406091371
pieces,238,164,74,0.407960199
survey,239,165,74,0.408415842
books,286,212,74,0.425702811
radical,341,267,74,0.439144737
potentially,428,354,74,0.452685422
worst,455,381,74,0.455741627
daughters,123,48,75,0.280701754
pounds,128,53,75,0.29281768
trees,130,55,75,0.297297297
grants,132,57,75,0.301587302
similarly,132,57,75,0.301587302
financing,133,58,75,0.303664921
injury,135,60,75,0.307692308
summit,136,61,75,0.30964467
33,138,63,75,0.313432836
traditionally,140,65,75,0.317073171
answered,145,70,75,0.325581395
unemployment,150,75,75,0.333333333
celebrities,152,77,75,0.336244541
fleeing,165,90,75,0.352941176
strengthen,177,102,75,0.365591398
unexpected,182,107,75,0.370242215
recommended,186,111,75,0.373737374
equivalent,210,135,75,0.391304348
tools,217,142,75,0.395543175
permanent,248,173,75,0.410926366
option,253,178,75,0.412993039
managed,395,320,75,0.447552448
assault,401,326,75,0.448418157
optimistic,126,50,76,0.284090909
engineering,128,52,76,0.288888889
bathroom,136,60,76,0.306122449
childhood,143,67,76,0.319047619
neighborhoods,148,72,76,0.327272727
doubts,159,83,76,0.342975207
resolve,181,105,76,0.367132867
letters,190,114,76,0.375
exit,199,123,76,0.381987578
fly,207,131,76,0.387573964
pages,222,146,76,0.39673913
blamed,276,200,76,0.420168067
leaves,309,233,76,0.429889299
grow,344,268,76,0.437908497
target,422,346,76,0.450520833
image,447,371,76,0.453545232
ones,526,450,76,0.461065574
website,573,497,76,0.464485981
podcast,100,23,77,0.18699187
shoulder,113,36,77,0.241610738
desk,121,44,77,0.266666667
economists,121,44,77,0.266666667
reserved,128,51,77,0.284916201
tie,131,54,77,0.291891892
films,134,57,77,0.298429319
38,135,58,77,0.300518135
uncomfortable,135,58,77,0.300518135
producers,135,58,77,0.300518135
electric,140,63,77,0.310344828
models,147,70,77,0.322580645
migrant,156,79,77,0.336170213
visits,157,80,77,0.337552743
rescue,161,84,77,0.342857143
divide,165,88,77,0.347826087
blocking,174,97,77,0.357933579
odds,205,128,77,0.384384384
representatives,221,144,77,0.394520548
operate,228,151,77,0.398416887
participate,243,166,77,0.405867971
keeps,258,181,77,0.412300683
shoes,103,25,78,0.1953125
engagement,134,56,78,0.294736842
32,135,57,78,0.296875
taste,154,76,78,0.330434783
mood,160,82,78,0.338842975
bitter,172,94,78,0.353383459
stronger,235,157,78,0.400510204
task,257,179,78,0.410550459
begins,264,186,78,0.413333333
historic,312,234,78,0.428571429
safe,460,382,78,0.45368171
writing,469,391,78,0.454651163
save,471,393,78,0.454861111
body,641,563,78,0.467607973
arts,116,37,79,0.241830065
surgery,117,38,79,0.24516129
van,122,43,79,0.260606061
vacation,131,52,79,0.284153005
asylum,148,69,79,0.31797235
penalty,149,70,79,0.319634703
shifting,153,74,79,0.325991189
scenes,158,79,79,0.333333333
appointment,166,87,79,0.343873518
bills,180,101,79,0.359430605
division,191,112,79,0.369636964
accompanied,191,112,79,0.369636964
relief,193,114,79,0.371335505
affairs,223,144,79,0.392370572
sale,226,147,79,0.394101877
findings,230,151,79,0.396325459
partners,236,157,79,0.399491094
pointing,271,192,79,0.414686825
page,401,322,79,0.445366528
looks,569,490,79,0.462700661
ground,597,518,79,0.464573991
comments,701,622,79,0.470143613
hotels,99,19,80,0.161016949
festival,104,24,80,0.1875
awards,105,25,80,0.192307692
sanctuary,128,48,80,0.272727273
migration,141,61,80,0.301980198
stores,155,75,80,0.326086957
disclose,157,77,80,0.329059829
march,178,98,80,0.355072464
succeed,182,102,80,0.35915493
reminded,183,103,80,0.36013986
acted,200,120,80,0.375
arguments,204,124,80,0.37804878
tries,208,128,80,0.380952381
handed,248,168,80,0.403846154
apparent,287,207,80,0.41902834
notes,304,224,80,0.424242424
newly,325,245,80,0.429824561
updates,117,36,81,0.235294118
soft,148,67,81,0.311627907
novel,154,73,81,0.321585903
150,162,81,81,0.333333333
ranks,171,90,81,0.344827586
speeches,192,111,81,0.366336634
design,214,133,81,0.383285303
baby,219,138,81,0.386554622
blow,256,175,81,0.406032483
background,268,187,81,0.410989011
coalition,286,205,81,0.417515275
behalf,305,224,81,0.423440454
strongly,316,235,81,0.426497278
promote,324,243,81,0.428571429
effectively,363,282,81,0.437209302
writer,369,288,81,0.438356164
region,410,329,81,0.445196211
memorial,101,19,82,0.158333333
engineer,130,48,82,0.269662921
client,137,55,82,0.286458333
coal,139,57,82,0.290816327
landscape,147,65,82,0.306603774
chapter,148,66,82,0.308411215
writers,161,79,82,0.329166667
fiscal,168,86,82,0.338582677
selected,180,98,82,0.352517986
counter,212,130,82,0.380116959
influential,213,131,82,0.380813953
increases,230,148,82,0.391534392
birth,247,165,82,0.400485437
section,278,196,82,0.41350211
2009,294,212,82,0.418972332
reading,371,289,82,0.437878788
words,693,611,82,0.468558282
criminal,782,700,82,0.472334683
airline,100,17,83,0.145299145
commissioner,102,19,83,0.157024793
audiences,134,51,83,0.275675676
witnesses,156,73,83,0.318777293
appearing,170,87,83,0.338521401
31,177,94,83,0.346863469
assessment,181,98,83,0.35125448
tests,187,104,83,0.357388316
remarkable,217,134,83,0.381766382
anger,290,207,83,0.416498994
fund,322,239,83,0.426024955
note,393,310,83,0.440967283
term,534,451,83,0.45786802
1980s,125,41,84,0.246987952
wedding,130,46,84,0.261363636
compromise,130,46,84,0.261363636
65,145,61,84,0.296116505
backlash,155,71,84,0.314159292
beauty,158,74,84,0.318965517
75,158,74,84,0.318965517
ride,168,84,84,0.333333333
detained,170,86,84,0.3359375
bright,174,90,84,0.340909091
locked,175,91,84,0.342105263
returns,184,100,84,0.352112676
guest,187,103,84,0.355172414
guard,208,124,84,0.373493976
learning,270,186,84,0.407894737
reduced,273,189,84,0.409090909
protest,455,371,84,0.449152542
birthday,120,35,85,0.225806452
spotlight,126,41,85,0.245508982
memories,128,43,85,0.251461988
crack,147,62,85,0.296650718
awarded,170,85,85,0.333333333
lengthy,171,86,85,0.33463035
monitor,174,89,85,0.338403042
absence,174,89,85,0.338403042
jumped,183,98,85,0.348754448
highlighted,184,99,85,0.349823322
route,186,101,85,0.351916376
pool,191,106,85,0.356902357
dominated,214,129,85,0.376093294
closest,224,139,85,0.38292011
owners,229,144,85,0.386058981
quoted,250,165,85,0.397590361
chosen,292,207,85,0.414829659
environmental,308,223,85,0.419962335
positions,381,296,85,0.437223043
highest,458,373,85,0.448856799
creating,517,432,85,0.455216017
interior,121,35,86,0.224358974
businessman,143,57,86,0.285
ethics,147,61,86,0.293269231
signing,167,81,86,0.326612903
jump,171,85,86,0.33203125
toll,172,86,86,0.333333333
beating,176,90,86,0.338345865
doors,187,101,86,0.350694444
foot,188,102,86,0.351724138
outrage,196,110,86,0.359477124
imposed,217,131,86,0.376436782
stuck,258,172,86,0.4
girl,275,189,86,0.407327586
2011,327,241,86,0.424295775
conduct,352,266,86,0.430420712
behavior,358,272,86,0.431746032
dark,374,288,86,0.435045317
sound,401,315,86,0.439944134
serious,817,731,86,0.472222222
tension,154,67,87,0.303167421
36,154,67,87,0.303167421
rushed,177,90,87,0.337078652
arrive,178,91,87,0.338289963
shots,178,91,87,0.338289963
removal,182,95,87,0.342960289
dressed,206,119,87,0.366153846
minor,224,137,87,0.379501385
infrastructure,251,164,87,0.395180723
date,291,204,87,0.412121212
seemingly,294,207,87,0.413173653
mission,319,232,87,0.421052632
gives,510,423,87,0.453376206
rule,523,436,87,0.45464025
brands,111,23,88,0.171641791
suspects,161,73,88,0.311965812
recording,172,84,88,0.328125
preserve,185,97,88,0.343971631
combination,219,131,88,0.374285714
firing,223,135,88,0.377094972
handling,230,142,88,0.38172043
undermine,259,171,88,0.397674419
wide,345,257,88,0.426910299
unable,366,278,88,0.431677019
discussion,380,292,88,0.43452381
within,1303,1215,88,0.482525814
package,133,44,89,0.248587571
encounter,167,78,89,0.318367347
shifted,175,86,89,0.329501916
diversity,180,91,89,0.335793358
referendum,183,94,89,0.339350181
troubled,184,95,89,0.340501792
willingness,189,100,89,0.346020761
networks,208,119,89,0.363914373
software,209,120,89,0.364741641
abandoned,210,121,89,0.365558912
heading,243,154,89,0.38790932
reference,278,189,89,0.404710921
fully,575,486,89,0.458058435
finally,646,557,89,0.463009144
teenager,130,40,90,0.235294118
colleague,149,59,90,0.283653846
48,157,67,90,0.299107143
approve,161,71,90,0.306034483
sophisticated,168,78,90,0.317073171
resigned,169,79,90,0.318548387
searching,175,85,90,0.326923077
quietly,194,104,90,0.348993289
condemned,225,135,90,0.375
45,226,136,90,0.375690608
variety,280,190,90,0.404255319
19,282,192,90,0.405063291
operating,307,217,90,0.414122137
receiving,319,229,90,0.417883212
develop,322,232,90,0.418772563
4,618,528,90,0.460732984
gray,107,16,91,0.130081301
medal,119,28,91,0.19047619
legs,137,46,91,0.25136612
visa,137,46,91,0.25136612
sons,154,63,91,0.290322581
plastic,160,69,91,0.301310044
papers,163,72,91,0.306382979
attract,165,74,91,0.309623431
painful,172,81,91,0.320158103
throwing,196,105,91,0.348837209
estimates,197,106,91,0.349834983
distance,211,120,91,0.362537764
endorsed,218,127,91,0.368115942
substantial,222,131,91,0.371104816
vehicles,237,146,91,0.381201044
touch,261,170,91,0.394431555
dealing,299,208,91,0.41025641
percentage,312,221,91,0.414634146
aid,367,276,91,0.429237947
established,376,285,91,0.431164902
suggests,385,294,91,0.432989691
backed,393,302,91,0.434532374
warning,407,316,91,0.437067773
liberal,514,423,91,0.451440768
pretty,621,530,91,0.460469157
windows,126,34,92,0.2125
shootings,141,49,92,0.257894737
disappointed,154,62,92,0.287037037
bars,157,65,92,0.292792793
rush,161,69,92,0.3
motivated,177,85,92,0.324427481
crew,180,88,92,0.328358209
reflects,190,98,92,0.340277778
classic,205,113,92,0.355345912
legacy,224,132,92,0.370786517
fought,309,217,92,0.412547529
stands,347,255,92,0.42358804
determine,390,298,92,0.433139535
value,464,372,92,0.444976077
pink,116,23,93,0.165467626
requirements,151,58,93,0.277511962
pending,157,64,93,0.28959276
harassment,157,64,93,0.28959276
fatal,162,69,93,0.298701299
commission,165,72,93,0.303797468
actors,171,78,93,0.313253012
abortion,174,81,93,0.317647059
warm,196,103,93,0.344481605
celebrate,202,109,93,0.350482315
doctor,217,124,93,0.363636364
tradition,224,131,93,0.369014085
decline,261,168,93,0.391608392
listed,265,172,93,0.393592677
funds,345,252,93,0.422110553
becoming,589,496,93,0.457142857
investor,131,37,94,0.220238095
2018,142,48,94,0.252631579
customer,149,55,94,0.269607843
pride,152,58,94,0.276190476
negotiate,161,67,94,0.293859649
performing,161,67,94,0.293859649
calm,168,74,94,0.305785124
partnership,170,76,94,0.308943089
settle,177,83,94,0.319230769
technical,217,123,94,0.361764706
testimony,239,145,94,0.377604167
eliminate,245,151,94,0.381313131
fresh,258,164,94,0.388625592
heavy,378,284,94,0.429003021
developed,388,294,94,0.431085044
search,450,356,94,0.441687345
associates,145,50,95,0.256410256
crossing,157,62,95,0.283105023
sits,174,79,95,0.312252964
valuable,196,101,95,0.34006734
partisan,205,110,95,0.349206349
prospect,239,144,95,0.375979112
23,243,148,95,0.378516624
victim,243,148,95,0.378516624
fun,253,158,95,0.384428224
hot,283,188,95,0.399150743
obtained,307,212,95,0.408477842
balance,309,214,95,0.40917782
deals,337,242,95,0.417962003
defend,444,349,95,0.440100883
sexual,516,421,95,0.449306297
trips,158,62,96,0.281818182
eligible,162,66,96,0.289473684
aliens,166,70,96,0.296610169
picking,170,74,96,0.303278689
award,174,78,96,0.30952381
neighbors,174,78,96,0.30952381
frustrated,176,80,96,0.3125
grant,185,89,96,0.324817518
stream,186,90,96,0.326086957
tweet,206,110,96,0.348101266
diverse,216,120,96,0.357142857
confirm,245,149,96,0.378172589
upset,252,156,96,0.382352941
fast,272,176,96,0.392857143
fine,292,196,96,0.401639344
myself,318,222,96,0.411111111
product,347,251,96,0.419732441
contact,366,270,96,0.424528302
tickets,123,26,97,0.174496644
oldest,169,72,97,0.298755187
screen,206,109,97,0.346031746
creative,207,110,97,0.347003155
pictures,223,126,97,0.361031519
perform,230,133,97,0.366391185
platform,296,199,97,0.402020202
fair,346,249,97,0.418487395
respect,501,404,97,0.44640884
ago,802,705,97,0.467816855
retail,141,43,98,0.233695652
anxiety,164,66,98,0.286956522
square,172,74,98,0.300813008
concrete,189,91,98,0.325
steady,190,92,98,0.326241135
harsh,192,94,98,0.328671329
controversy,217,119,98,0.354166667
legally,222,124,98,0.358381503
bid,252,154,98,0.379310345
lay,255,157,98,0.381067961
agent,268,170,98,0.388127854
taxes,281,183,98,0.394396552
broken,376,278,98,0.425076453
tap,138,39,99,0.220338983
clothes,163,64,99,0.281938326
battles,166,67,99,0.287553648
schedule,173,74,99,0.299595142
factory,176,77,99,0.304347826
card,209,110,99,0.344827586
glass,212,113,99,0.347692308
wind,214,115,99,0.349544073
reducing,230,131,99,0.362880886
reform,245,146,99,0.373401535
ending,266,167,99,0.385681293
helps,285,186,99,0.394904459
preparing,309,210,99,0.404624277
overall,326,227,99,0.410488246
lose,535,436,99,0.449021627
2,791,692,99,0.466621713
league,145,45,100,0.236842105
economist,152,52,100,0.254901961
disputed,153,53,100,0.257281553
hall,154,54,100,0.259615385
privacy,172,72,100,0.295081967
entertainment,175,75,100,0.3
selection,178,78,100,0.3046875
2005,185,85,100,0.314814815
manufacturing,198,98,100,0.331081081
contract,241,141,100,0.369109948
applied,259,159,100,0.380382775
recorded,265,165,100,0.38372093
notion,275,175,100,0.388888889
angry,322,222,100,0.408088235
affect,331,231,100,0.411032028
interested,376,276,100,0.423312883
vast,463,363,100,0.439467312
cover,588,488,100,0.453531599
video,1028,928,100,0.474437628
diplomats,135,34,101,0.201183432
drivers,140,39,101,0.217877095
responding,184,83,101,0.310861423
advocate,207,106,101,0.338658147
expanding,227,126,101,0.35694051
suicide,242,141,101,0.368146214
passing,298,197,101,0.397979798
stock,316,215,101,0.404896422
concerned,550,449,101,0.449449449
act,704,603,101,0.461361897
employers,142,40,102,0.21978022
regulation,162,60,102,0.27027027
park,166,64,102,0.27826087
cool,178,76,102,0.299212598
prices,268,166,102,0.382488479
protesters,338,236,102,0.411149826
photo,347,245,102,0.413851351
allies,504,402,102,0.443708609
beach,129,26,103,0.167741935
steel,148,45,103,0.233160622
concert,155,52,103,0.251207729
unit,194,91,103,0.319298246
enjoyed,195,92,103,0.320557491
counsel,198,95,103,0.324232082
beautiful,272,169,103,0.383219955
22,281,178,103,0.387799564
sees,315,212,103,0.40227704
racial,355,252,103,0.415156507
produced,442,339,103,0.434058899
subway,118,14,104,0.106060606
deportation,136,32,104,0.19047619
viewers,181,77,104,0.298449612
wondered,182,78,104,0.3
indication,186,82,104,0.305970149
walls,189,85,104,0.310218978
branch,210,106,104,0.335443038
teacher,211,107,104,0.336477987
narrow,214,110,104,0.339506173
moderate,220,116,104,0.345238095
advised,223,119,104,0.347953216
extraordinary,259,155,104,0.374396135
advance,347,243,104,0.411864407
credit,368,264,104,0.417721519
lawsuits,148,43,105,0.22513089
suggestion,166,61,105,0.268722467
attracted,184,79,105,0.300380228
withdraw,188,83,105,0.306273063
experiences,200,95,105,0.322033898
threw,206,101,105,0.328990228
defending,262,157,105,0.374701671
shape,271,166,105,0.3798627
seized,272,167,105,0.380410023
missing,284,179,105,0.386609071
guys,291,186,105,0.389937107
vision,296,191,105,0.392197125
experienced,337,232,105,0.407732865
conducted,436,331,105,0.431551499
development,472,367,105,0.437425507
beginning,605,500,105,0.452488688
air,657,552,105,0.456575682
nominees,131,25,106,0.16025641
reviews,135,29,106,0.176829268
notably,172,66,106,0.277310924
crossed,180,74,106,0.291338583
payments,183,77,106,0.296153846
announce,218,112,106,0.339393939
wealthy,257,151,106,0.370098039
growth,429,323,106,0.429521277
counterterrorism,123,16,107,0.115107914
tourists,145,38,107,0.207650273
talent,147,40,107,0.213903743
crowds,179,72,107,0.28685259
overseas,181,74,107,0.290196078
earn,192,85,107,0.306859206
pressing,193,86,107,0.308243728
banned,255,148,107,0.367245658
predicted,265,158,107,0.373522459
enter,344,237,107,0.407917384
base,431,324,107,0.429139073
order,1382,1275,107,0.479864509
championship,119,11,108,0.084615385
700,142,34,108,0.193181818
portrayed,182,74,108,0.2890625
stretch,184,76,108,0.292307692
nationwide,199,91,108,0.313793103
ticket,201,93,108,0.316326531
doctors,248,140,108,0.360824742
extensive,256,148,108,0.366336634
progress,303,195,108,0.391566265
murder,324,216,108,0.4
kids,341,233,108,0.405923345
changing,372,264,108,0.41509434
tens,376,268,108,0.416149068
heavily,392,284,108,0.420118343
presented,395,287,108,0.420821114
violent,470,362,108,0.435096154
victory,666,558,108,0.455882353
provision,153,44,109,0.223350254
holiday,177,68,109,0.27755102
criticizing,191,82,109,0.3003663
sentence,213,104,109,0.32807571
split,220,111,109,0.335347432
north,286,177,109,0.382289417
discussing,292,183,109,0.385263158
organized,315,206,109,0.395393474
era,321,212,109,0.397748593
reaction,323,214,109,0.398510242
represent,405,296,109,0.422253923
specific,506,397,109,0.439645626
gunman,120,10,110,0.076923077
kitchen,139,29,110,0.172619048
undocumented,155,45,110,0.225
singing,157,47,110,0.230392157
ease,177,67,110,0.274590164
scientist,184,74,110,0.286821705
gender,240,130,110,0.351351351
rely,257,147,110,0.363861386
price,446,336,110,0.429667519
receive,538,428,110,0.443064182
expect,573,463,110,0.446911197
protections,154,43,111,0.218274112
baseball,177,66,111,0.271604938
arrival,180,69,111,0.277108434
delay,182,71,111,0.280632411
fifth,186,75,111,0.287356322
resident,191,80,111,0.295202952
populist,218,107,111,0.329230769
granted,264,153,111,0.366906475
identify,331,220,111,0.399274047
threats,342,231,111,0.403141361
accounts,354,243,111,0.407035176
investments,183,71,112,0.279527559
sustained,184,72,112,0.28125
nominated,184,72,112,0.28125
scores,192,80,112,0.294117647
expanded,240,128,112,0.347826087
northern,326,214,112,0.396296296
rally,417,305,112,0.422437673
score,159,46,113,0.224390244
clothing,171,58,113,0.253275109
fierce,176,63,113,0.263598326
blocks,194,81,113,0.294545455
investors,224,111,113,0.331343284
speed,237,124,113,0.343490305
trouble,289,176,113,0.378494624
proud,303,190,113,0.385395538
buying,309,196,113,0.388118812
surprised,313,200,113,0.389863548
decide,462,349,113,0.430332922
rivals,145,31,114,0.176136364
filing,180,66,114,0.268292683
plane,258,144,114,0.358208955
model,349,235,114,0.40239726
possibility,497,383,114,0.435227273
killings,162,47,115,0.224880383
dress,187,72,115,0.277992278
array,190,75,115,0.283018868
ball,200,85,115,0.298245614
presidents,221,106,115,0.324159021
display,241,126,115,0.343324251
accusing,256,141,115,0.355163728
300,316,201,115,0.388781431
practice,428,313,115,0.422402159
tournament,121,5,116,0.03968254
rain,166,50,116,0.231481481
collect,191,75,116,0.281954887
tight,192,76,116,0.28358209
improved,197,81,116,0.291366906
theme,199,83,116,0.294326241
patients,225,109,116,0.326347305
reaching,249,133,116,0.348167539
green,307,191,116,0.383534137
civil,724,608,116,0.456456456
graduated,182,65,117,0.263157895
settlement,216,99,117,0.314285714
challenged,220,103,117,0.318885449
aim,244,127,117,0.342318059
joining,254,137,117,0.350383632
character,330,213,117,0.392265193
suddenly,349,232,117,0.399311532
journalists,378,261,117,0.408450704
17,380,263,117,0.409020218
story,1076,959,117,0.471253071
visas,137,19,118,0.121794872
cameras,173,55,118,0.24122807
movies,181,63,118,0.258196721
camera,235,117,118,0.332386364
challenging,238,120,118,0.335195531
catch,239,121,118,0.336111111
projects,263,145,118,0.355392157
divided,294,176,118,0.374468085
headed,311,193,118,0.382936508
moves,313,195,118,0.383858268
advantage,355,237,118,0.400337838
acting,444,326,118,0.423376623
laws,520,402,118,0.436008677
directly,733,615,118,0.456231454
takes,814,696,118,0.460927152
shows,918,800,118,0.465657742
parking,160,41,119,0.2039801
studying,192,73,119,0.275471698
band,192,73,119,0.275471698
excited,199,80,119,0.286738351
island,207,88,119,0.298305085
approached,237,118,119,0.332394366
south,262,143,119,0.35308642
reflect,284,165,119,0.367483296
advice,312,193,119,0.382178218
album,136,16,120,0.105263158
celebration,170,50,120,0.227272727
800,174,54,120,0.236842105
flew,176,56,120,0.24137931
anniversary,182,62,120,0.254098361
assigned,187,67,120,0.263779528
clients,189,69,120,0.26744186
adult,192,72,120,0.272727273
privately,197,77,120,0.281021898
deadly,260,140,120,0.35
forcing,270,150,120,0.357142857
targeted,362,242,120,0.400662252
studies,382,262,120,0.406832298
increased,561,441,120,0.44011976
transportation,158,37,121,0.18974359
ice,185,64,121,0.257028112
pledge,186,65,121,0.258964143
temporarily,206,85,121,0.29209622
emphasized,211,90,121,0.299003322
commander,226,105,121,0.317220544
limits,255,134,121,0.344473008
enormous,322,201,121,0.384321224
internal,405,284,121,0.412191582
path,421,300,121,0.416088766
parties,473,352,121,0.426666667
greater,568,447,121,0.440394089
draft,182,60,122,0.247933884
sentenced,187,65,122,0.257936508
sets,227,105,122,0.31626506
window,237,115,122,0.326704545
opportunities,267,145,122,0.351941748
laid,310,188,122,0.37751004
core,336,214,122,0.389090909
bigger,368,246,122,0.400651466
announcement,385,263,122,0.405864198
guy,408,286,122,0.412103746
eyes,415,293,122,0.413841808
providing,423,301,122,0.415745856
threat,750,628,122,0.455732946
level,762,640,122,0.456490728
regulators,162,39,123,0.194029851
lift,181,58,123,0.242677824
reluctant,192,69,123,0.264367816
worker,232,109,123,0.319648094
demanded,269,146,123,0.351807229
values,314,191,123,0.378217822
communities,351,228,123,0.393782383
expert,359,236,123,0.396638655
linked,373,250,123,0.401284109
husband,398,275,123,0.408618128
rate,454,331,123,0.421656051
common,763,640,123,0.45616536
hearings,158,34,124,0.177083333
tracks,167,43,124,0.204761905
appeals,193,69,124,0.263358779
prosecutor,218,94,124,0.301282051
survived,219,95,124,0.302547771
posed,224,100,124,0.308641975
limit,296,172,124,0.367521368
communications,302,178,124,0.370833333
covering,307,183,124,0.373469388
describe,329,205,124,0.383895131
average,506,382,124,0.43018018
dead,513,389,124,0.431263858
word,636,512,124,0.445993031
replacement,192,67,125,0.258687259
reminder,198,73,125,0.269372694
session,232,107,125,0.315634218
appointed,295,170,125,0.365591398
driven,313,188,125,0.375249501
drop,380,255,125,0.401574803
negotiating,182,56,126,0.235294118
discrimination,187,61,126,0.245967742
routine,196,70,126,0.263157895
dispute,220,94,126,0.299363057
airport,221,95,126,0.300632911
centers,222,96,126,0.301886792
testing,230,104,126,0.311377246
consumers,237,111,126,0.318965517
options,260,134,126,0.340101523
headquarters,263,137,126,0.3425
fears,285,159,126,0.358108108
wants,920,794,126,0.463243874
countries,975,849,126,0.465460526
proposals,198,71,127,0.26394052
attending,204,77,127,0.274021352
marriage,232,105,127,0.3115727
signal,240,113,127,0.320113314
collection,251,124,127,0.330666667
finance,297,170,127,0.364025696
gotten,339,212,127,0.384754991
operations,456,329,127,0.41910828
strategy,457,330,127,0.41931385
problems,682,555,127,0.448666128
songs,162,34,128,0.173469388
requested,229,101,128,0.306060606
staying,235,107,128,0.312865497
formally,235,107,128,0.312865497
completed,259,131,128,0.335897436
protests,406,278,128,0.406432749
profile,191,62,129,0.245059289
feared,206,77,129,0.272084806
union,215,86,129,0.285714286
priority,223,94,129,0.296529968
liked,234,105,129,0.309734513
blue,286,157,129,0.354401806
accusations,334,205,129,0.380333952
authority,406,277,129,0.40556369
represents,408,279,129,0.406113537
suggest,458,329,129,0.418043202
caused,632,503,129,0.443171806
coffee,181,51,130,0.219827586
bus,226,96,130,0.298136646
rival,251,121,130,0.325268817
refugee,251,121,130,0.325268817
featured,271,141,130,0.34223301
represented,291,161,130,0.35619469
fear,712,582,130,0.449768161
bad,893,763,130,0.460748792
frustration,187,56,131,0.230452675
lunch,191,60,131,0.239043825
adults,231,100,131,0.302114804
confident,278,147,131,0.345882353
indicated,282,151,131,0.348729792
widespread,327,196,131,0.374760994
remaining,337,206,131,0.379373849
pull,378,247,131,0.3952
picture,412,281,131,0.405483405
benefits,417,286,131,0.406827881
successful,469,338,131,0.418835192
stories,569,438,131,0.434955313
episodes,157,25,132,0.137362637
guests,187,55,132,0.227272727
celebrity,198,66,132,0.25
praise,200,68,132,0.253731343
complaint,206,74,132,0.264285714
seats,208,76,132,0.267605634
welcome,288,156,132,0.351351351
photos,293,161,132,0.354625551
handful,311,179,132,0.365306122
hardly,316,184,132,0.368
presence,486,354,132,0.421428571
regulatory,209,76,133,0.266666667
hire,225,92,133,0.29022082
restrictions,230,97,133,0.296636086
production,364,231,133,0.388235294
degree,373,240,133,0.391517129
16,397,264,133,0.399394856
access,816,683,133,0.455637091
seem,828,695,133,0.456336179
travelers,149,15,134,0.091463415
passengers,168,34,134,0.168316832
hiring,216,82,134,0.275167785
favored,226,92,134,0.289308176
frequent,229,95,134,0.293209877
kinds,313,179,134,0.363821138
rates,360,226,134,0.385665529
herself,445,311,134,0.411375661
spread,517,383,134,0.425555556
museum,144,9,135,0.058823529
authorized,198,63,135,0.24137931
shop,206,71,135,0.25631769
size,352,217,135,0.381370826
funding,435,300,135,0.408163265
prison,436,301,135,0.408412483
roll,223,87,136,0.280645161
wear,264,128,136,0.326530612
features,265,129,136,0.327411168
expand,320,184,136,0.365079365
activists,396,260,136,0.396341463
complex,430,294,136,0.406077348
app,181,44,137,0.195555556
characters,182,45,137,0.198237885
announcing,233,96,137,0.291793313
pop,237,100,137,0.296735905
offices,237,100,137,0.296735905
captured,323,186,137,0.365422397
argue,343,206,137,0.375227687
strike,351,214,137,0.378761062
terrorism,382,245,137,0.390749601
talks,383,246,137,0.391096979
broke,455,318,137,0.411384217
primary,572,435,137,0.431976167
consider,683,546,137,0.444263629
instead,960,823,137,0.461581604
competitive,211,73,138,0.257042254
mix,238,100,138,0.295857988
urban,243,105,138,0.301724138
buildings,248,110,138,0.30726257
confidence,304,166,138,0.353191489
activist,319,181,138,0.362
suspect,322,184,138,0.363636364
ideas,394,256,138,0.393846154
internet,398,260,138,0.395136778
cultural,418,280,138,0.401146132
areas,610,472,138,0.436229205
policies,748,610,138,0.449189985
golf,200,61,139,0.233716475
finish,210,71,139,0.252669039
parent,221,82,139,0.270627063
magazine,307,168,139,0.353684211
refugees,338,199,139,0.370577281
male,343,204,139,0.372943327
argument,364,225,139,0.382003396
sell,470,331,139,0.413233458
8,599,460,139,0.434372049
created,902,763,139,0.458258258
here,1738,1599,139,0.47917291
rooms,190,50,140,0.208333333
bipartisan,210,70,140,0.25
strategist,212,72,140,0.253521127
collected,249,109,140,0.304469274
fan,253,113,140,0.308743169
sharp,264,124,140,0.319587629
risks,282,142,140,0.33490566
somewhat,302,162,140,0.349137931
identity,333,193,140,0.366920152
training,403,263,140,0.394894895
happened,760,620,140,0.449275362
rural,252,111,141,0.305785124
boy,277,136,141,0.329297821
famous,381,240,141,0.38647343
low,545,404,141,0.425711275
letter,598,457,141,0.433175355
deep,648,507,141,0.438961039
comment,686,545,141,0.442729488
majority,832,691,141,0.453709783
occasionally,197,55,142,0.218253968
longstanding,219,77,142,0.260135135
corner,236,94,142,0.284848485
suspended,240,98,142,0.289940828
quiet,261,119,142,0.313157895
gathering,278,136,142,0.328502415
aside,292,150,142,0.339366516
easier,354,212,142,0.374558304
science,386,244,142,0.387301587
numbers,594,452,142,0.432122371
share,820,678,142,0.452603471
restaurants,160,17,143,0.096045198
persuade,206,63,143,0.234200743
addressed,273,130,143,0.322580645
church,290,147,143,0.336384439
failing,290,147,143,0.336384439
closing,293,150,143,0.338600451
arrest,302,159,143,0.344902386
tied,313,170,143,0.351966874
allegations,359,216,143,0.375652174
removed,430,287,143,0.40027894
field,477,334,143,0.411837238
committed,583,440,143,0.430107527
luxury,196,52,144,0.209677419
campus,211,67,144,0.241007194
roles,217,73,144,0.251724138
hosted,239,95,144,0.284431138
missed,264,120,144,0.3125
handle,309,165,144,0.348101266
repeated,329,185,144,0.359922179
giant,355,211,144,0.372791519
regular,431,287,144,0.399721448
capital,462,318,144,0.407692308
poor,517,373,144,0.419101124
briefed,199,54,145,0.213438735
producer,209,64,145,0.234432234
inquiry,217,72,145,0.249134948
contributor,243,98,145,0.287390029
consumer,244,99,145,0.288629738
reputation,326,181,145,0.357001972
minority,330,185,145,0.359223301
politically,378,233,145,0.381342062
photographs,193,47,146,0.195833333
contentious,200,54,146,0.212598425
questioning,230,84,146,0.267515924
secure,354,208,146,0.370106762
requires,379,233,146,0.380718954
illegal,746,600,146,0.44576523
stand,808,662,146,0.450340136
transgender,179,32,147,0.151658768
uncertainty,210,63,147,0.230769231
compete,228,81,147,0.262135922
surge,230,83,147,0.265175719
vulnerable,288,141,147,0.328671329
investigators,313,166,147,0.346555324
expensive,323,176,147,0.352705411
approval,339,192,147,0.361581921
events,611,464,147,0.431627907
showing,633,486,147,0.434316354
race,661,514,147,0.437446809
hands,665,518,147,0.437869822
huge,715,568,147,0.442712393
cellphone,163,15,148,0.084269663
visitors,206,58,148,0.21969697
packed,207,59,148,0.221804511
studied,255,107,148,0.29558011
brother,299,151,148,0.335555556
wave,337,189,148,0.359315589
figures,369,221,148,0.374576271
serve,613,465,148,0.43135436
rise,646,498,148,0.435314685
available,722,574,148,0.442901235
managing,240,91,149,0.274924471
edge,268,119,149,0.30749354
embrace,273,124,149,0.312342569
housing,284,135,149,0.322195704
suffered,359,210,149,0.369068541
messages,363,214,149,0.370883882
speaker,195,45,150,0.1875
waited,202,52,150,0.204724409
sister,218,68,150,0.237762238
marketing,235,85,150,0.265625
judges,242,92,150,0.275449102
owns,246,96,150,0.280701754
striking,276,126,150,0.313432836
flight,285,135,150,0.321428571
joint,340,190,150,0.358490566
thinking,571,421,150,0.424395161
string,210,59,151,0.219330855
skeptical,211,60,151,0.221402214
devoted,219,68,151,0.236933798
requiring,235,84,151,0.263322884
mixed,243,92,151,0.274626866
employee,244,93,151,0.275964392
barely,308,157,151,0.337634409
immediate,379,228,151,0.375617792
original,572,421,151,0.423967774
artists,191,39,152,0.169565217
sweeping,220,68,152,0.236111111
advocacy,237,85,152,0.263975155
interviewed,270,118,152,0.304123711
extra,316,164,152,0.341666667
beat,368,216,152,0.369863014
choice,602,450,152,0.427756654
fire,607,455,152,0.428436911
dance,183,30,153,0.14084507
landed,202,49,153,0.195219124
fashion,223,70,153,0.23890785
returning,281,128,153,0.312958435
gained,284,131,153,0.315662651
35,289,136,153,0.32
spot,292,139,153,0.3225058
sit,388,235,153,0.377207063
founder,422,269,153,0.389290883
domestic,486,333,153,0.406593407
refused,571,418,153,0.422649141
follow,846,693,153,0.450292398
studio,179,25,154,0.12254902
singer,197,43,154,0.179166667
settled,244,90,154,0.269461078
founding,250,96,154,0.277456647
performed,252,98,154,0.28
400,273,119,154,0.303571429
70,306,152,154,0.331877729
tiny,312,158,154,0.336170213
culture,492,338,154,0.407228916
problem,902,748,154,0.453333333
signature,237,82,155,0.257053292
somebody,289,134,155,0.31678487
everybody,310,155,155,0.333333333
covered,430,275,155,0.390070922
organizations,479,324,155,0.403486924
addition,524,369,155,0.413213886
heart,607,452,155,0.426817753
interest,831,676,155,0.448573324
comedy,185,29,156,0.135514019
photograph,198,42,156,0.175
convention,201,45,156,0.182926829
arriving,210,54,156,0.204545455
revenue,233,77,156,0.248387097
comfortable,271,115,156,0.297927461
occurred,410,254,156,0.38253012
referred,412,256,156,0.383233533
threatened,427,271,156,0.388252149
shut,435,279,156,0.390756303
willing,619,463,156,0.427911275
shopping,214,57,157,0.210332103
welcomed,219,62,157,0.220640569
panel,230,73,157,0.240924092
train,319,162,157,0.336798337
pursue,329,172,157,0.343313373
selling,417,260,157,0.384047267
coach,176,18,158,0.092783505
downtown,180,22,158,0.108910891
sued,194,36,158,0.156521739
hosts,203,45,158,0.181451613
pace,220,62,158,0.219858156
users,292,134,158,0.314553991
status,489,331,158,0.403658537
review,544,386,158,0.415053763
maybe,552,394,158,0.416490486
middle,572,414,158,0.419878296
theater,197,38,159,0.161702128
pleaded,201,42,159,0.172839506
pressed,224,65,159,0.224913495
incoming,225,66,159,0.226804124
cutting,287,128,159,0.308433735
blocked,296,137,159,0.316397229
plays,304,145,159,0.322939866
images,350,191,159,0.353049908
chose,369,210,159,0.362694301
reduce,455,296,159,0.394141145
join,524,365,159,0.410573678
thing,1315,1156,159,0.467826791
soccer,169,9,160,0.050561798
athletes,180,20,160,0.1
ceremony,227,67,160,0.227891156
match,279,119,160,0.298994975
require,492,332,160,0.402912621
easy,642,482,160,0.428825623
fall,649,489,160,0.42970123
intelligence,683,523,160,0.433665008
champion,216,55,161,0.20295203
departure,218,57,161,0.207272727
club,248,87,161,0.259701493
opponents,315,154,161,0.328358209
regulations,317,156,161,0.329809725
particular,591,430,161,0.42115573
area,790,629,161,0.443269908
ratings,218,56,162,0.204379562
detailed,328,166,162,0.336032389
opposed,555,393,162,0.414556962
seeing,571,409,162,0.417346939
possible,1149,987,162,0.462078652
migrants,253,90,163,0.262390671
competition,286,123,163,0.300733496
construction,395,232,163,0.370015949
treatment,435,272,163,0.384724187
religious,497,334,163,0.401925391
let,1101,938,163,0.460029426
comes,1389,1226,163,0.468833652
labor,358,194,164,0.351449275
force,906,742,164,0.450242718
current,1145,981,164,0.461429915
barred,196,31,165,0.136563877
encouraged,289,124,165,0.300242131
ruled,353,188,165,0.347504621
investment,400,235,165,0.37007874
happy,458,293,165,0.390146471
musical,201,35,166,0.148305085
cable,238,72,166,0.232258065
wounded,260,94,166,0.265536723
hair,264,98,166,0.270718232
courts,276,110,166,0.284974093
feature,278,112,166,0.287179487
requests,304,138,166,0.312217195
extended,332,166,166,0.333333333
store,349,183,166,0.343984962
road,385,219,166,0.362582781
treated,403,237,166,0.3703125
records,407,241,166,0.37191358
stage,486,320,166,0.397022333
artist,223,56,167,0.200716846
legislative,248,81,167,0.246200608
complaints,250,83,167,0.249249249
houses,266,99,167,0.271232877
suspected,294,127,167,0.301662708
cars,299,132,167,0.306264501
fourth,303,136,167,0.309794989
honor,306,139,167,0.312359551
tend,383,216,167,0.360601002
9,421,254,167,0.376296296
sport,190,22,168,0.103773585
ambitious,209,41,168,0.164
modest,230,62,168,0.212328767
spring,249,81,168,0.245454545
tone,262,94,168,0.264044944
improve,418,250,168,0.374251497
steps,458,290,168,0.387700535
red,494,326,168,0.397560976
loss,519,351,168,0.403448276
dollars,660,492,168,0.427083333
senators,196,27,169,0.121076233
embraced,221,52,169,0.19047619
drawing,252,83,169,0.247761194
university,273,104,169,0.275862069
fallen,291,122,169,0.295399516
brand,315,146,169,0.31670282
loved,347,178,169,0.339047619
owned,376,207,169,0.355060034
violence,679,510,169,0.428931876
basketball,180,10,170,0.052631579
competing,232,62,170,0.210884354
visiting,297,127,170,0.299528302
2017,319,149,170,0.318376068
statements,442,272,170,0.380952381
begin,684,514,170,0.429048414
themselves,1029,859,170,0.454978814
drama,214,43,171,0.167315175
adopted,271,100,171,0.269541779
vehicle,313,142,171,0.312087912
slightly,333,162,171,0.327272727
viewed,369,198,171,0.349206349
win,914,743,171,0.448400724
advertising,233,61,172,0.207482993
truck,239,67,172,0.218954248
urging,272,100,172,0.268817204
promising,289,117,172,0.28817734
founded,342,170,172,0.33203125
sides,404,232,172,0.364779874
door,417,245,172,0.370090634
winning,506,334,172,0.397619048
suit,283,110,173,0.279898219
measures,406,233,173,0.364632238
range,442,269,173,0.378340366
responsibility,446,273,173,0.379694019
child,562,389,173,0.409043113
written,715,542,173,0.431185362
ever,1483,1310,173,0.469029717
allows,419,245,174,0.368975904
offers,421,247,174,0.369760479
25,518,344,174,0.399071926
inauguration,210,35,175,0.142857143
reflected,249,74,175,0.229102167
stayed,304,129,175,0.297921478
80,316,141,175,0.308533917
convicted,334,159,175,0.322515213
regularly,369,194,175,0.344582593
pushing,443,268,175,0.376933896
caught,570,395,175,0.409326425
book,708,533,175,0.429492345
featuring,240,64,176,0.210526316
temporary,287,111,176,0.278894472
management,313,137,176,0.304444444
serves,360,184,176,0.338235294
views,553,377,176,0.405376344
partner,336,159,177,0.321212121
canceled,215,37,178,0.146825397
contributed,303,125,178,0.292056075
200,424,246,178,0.367164179
published,1105,927,178,0.456200787
stop,1198,1020,178,0.45987376
cuts,291,112,179,0.277915633
aggressive,379,200,179,0.345423143
serving,398,219,179,0.354943274
gun,448,269,179,0.375174338
separate,510,331,179,0.393579073
position,820,641,179,0.438740589
125,200,20,180,0.090909091
actress,212,32,180,0.131147541
trial,360,180,180,0.333333333
impact,565,385,180,0.405263158
station,323,142,181,0.305376344
emotional,330,149,181,0.311064718
waiting,505,324,181,0.390832328
battle,540,359,181,0.399332592
effect,617,436,181,0.414055081
briefly,241,59,182,0.196666667
style,280,98,182,0.259259259
diplomatic,308,126,182,0.290322581
affected,345,163,182,0.320866142
block,465,283,182,0.378342246
female,486,304,182,0.384810127
suggesting,398,215,183,0.350734095
involving,434,251,183,0.366423358
economic,1054,871,183,0.452467532
sharply,237,53,184,0.182758621
senator,274,90,184,0.247252747
owner,333,149,184,0.309128631
continuing,416,232,184,0.358024691
streets,425,241,184,0.361861862
signs,483,299,184,0.382352941
14,413,228,185,0.355694228
details,630,445,185,0.413953488
previously,651,466,185,0.417188899
football,273,87,186,0.241666667
newspaper,400,214,186,0.348534202
turning,514,328,186,0.389548694
song,242,55,187,0.185185185
scrutiny,261,73,188,0.218562874
apply,358,170,188,0.321969697
placed,458,270,188,0.370879121
history,1168,980,188,0.456238361
actor,267,78,189,0.226086957
formal,298,109,189,0.267813268
pledged,313,124,189,0.28375286
onto,531,342,189,0.391752577
confirmed,662,473,189,0.416740088
protect,870,681,189,0.439071567
governing,258,68,190,0.208588957
harder,311,121,190,0.280092593
inspired,315,125,190,0.284090909
emergency,395,205,190,0.341666667
2013,470,280,190,0.373333333
space,505,315,190,0.384146341
immigrant,254,63,191,0.19873817
columnist,270,79,191,0.226361032
conservatives,318,127,191,0.285393258
attend,346,155,191,0.309381238
hoping,367,176,191,0.32412523
2010,369,178,191,0.325411335
climate,471,280,191,0.372836218
losing,498,307,191,0.38136646
multiple,656,465,191,0.414808207
telling,690,499,191,0.419680404
homes,348,156,192,0.30952381
schools,378,186,192,0.329787234
proved,400,208,192,0.342105263
lines,450,258,192,0.36440678
individual,580,388,192,0.400826446
ask,770,578,192,0.428783383
gay,311,118,193,0.275058275
carrying,446,253,193,0.361945637
sort,676,483,193,0.416738568
injured,309,115,194,0.271226415
determined,477,283,194,0.372368421
board,502,308,194,0.380246914
tech,259,64,195,0.198142415
favorite,430,235,195,0.353383459
build,718,523,195,0.421434327
complained,276,80,196,0.224719101
dinner,328,132,196,0.286956522
agencies,503,307,196,0.379012346
giving,794,598,196,0.429597701
90,319,122,197,0.276643991
rose,328,131,197,0.28540305
concluded,394,197,197,0.333333333
international,1039,842,197,0.447634237
traffic,313,115,198,0.268691589
condition,391,193,198,0.330479452
walk,455,257,198,0.360955056
18,456,258,198,0.361344538
helping,598,400,198,0.400801603
quick,404,205,199,0.336617406
claimed,790,591,199,0.42795076
private,1201,1002,199,0.454834317
denounced,255,55,200,0.177419355
relatives,265,65,200,0.196969697
veteran,334,134,200,0.286324786
insurance,373,173,200,0.316849817
manager,378,178,200,0.320143885
keeping,535,335,200,0.385057471
lack,723,523,200,0.419743178
driver,268,67,201,0.2
entering,373,172,201,0.31559633
begun,393,192,201,0.328205128
break,652,451,201,0.408884859
fill,357,155,202,0.302734375
walking,366,164,202,0.309433962
prepared,508,306,202,0.375921376
period,562,360,202,0.390455531
piece,568,366,202,0.391862955
short,809,607,202,0.428672316
fled,298,95,203,0.24173028
describing,337,134,203,0.284501062
worry,401,198,203,0.330550918
aimed,446,243,203,0.352685051
ties,556,353,203,0.388338834
miss,321,117,204,0.267123288
frequently,361,157,204,0.303088803
forward,730,526,204,0.418789809
makes,1217,1012,205,0.454015253
table,328,122,206,0.271111111
commitment,359,153,206,0.298828125
intense,371,165,206,0.307835821
driving,431,225,206,0.342987805
learned,618,412,206,0.4
rising,449,242,207,0.350217077
celebrated,272,64,208,0.19047619
round,374,166,208,0.307407407
deliver,390,182,208,0.318181818
professional,415,207,208,0.332797428
feeling,498,290,208,0.368020305
agreement,527,319,208,0.377068558
warned,596,388,208,0.394308943
action,776,568,208,0.422619048
list,845,637,208,0.429824561
nomination,317,108,209,0.254117647
smaller,381,172,209,0.311030741
closely,426,217,209,0.33748056
education,464,255,209,0.354659249
process,984,775,209,0.440591245
presidential,1883,1674,209,0.47062131
traveling,308,98,210,0.24137931
grown,386,176,210,0.31316726
entered,424,214,210,0.335423197
feels,428,218,210,0.3374613
approved,429,219,210,0.337962963
unlikely,453,243,210,0.349137931
bringing,473,263,210,0.357336957
drive,482,272,210,0.360742706
limited,520,310,210,0.373493976
seek,601,391,210,0.394153226
ambassador,325,114,211,0.259681093
directed,382,171,211,0.309222423
planning,499,288,211,0.365946633
project,521,310,211,0.373044525
cast,543,332,211,0.379428571
immediately,710,499,211,0.4127378
important,1510,1299,211,0.46244215
point,1513,1302,211,0.462522202
pair,283,71,212,0.200564972
advocates,314,102,212,0.245192308
invited,387,175,212,0.3113879
hopes,460,248,212,0.350282486
closed,463,251,212,0.351540616
allowing,519,307,212,0.371670702
ultimately,577,365,212,0.387473461
full,1341,1129,212,0.45708502
hired,376,163,213,0.302411874
paying,496,283,213,0.363286264
radio,518,305,213,0.370595383
higher,696,483,213,0.409669211
future,1024,811,213,0.441961853
continue,1345,1132,213,0.457004441
stars,291,77,214,0.20923913
customers,320,106,214,0.248826291
putting,598,384,214,0.391038697
confirmation,296,81,215,0.214854111
spoken,317,102,215,0.243436754
defended,333,118,215,0.261640798
old,996,780,216,0.439189189
arguing,338,121,217,0.263616558
main,791,574,217,0.420512821
critic,264,46,218,0.148387097
complicated,318,100,218,0.23923445
programs,435,217,218,0.332822086
estimated,485,267,218,0.355053191
hear,688,470,218,0.405872193
anonymity,243,24,219,0.08988764
conversations,306,87,219,0.221374046
shortly,363,144,219,0.284023669
decisions,451,232,219,0.339677892
talked,470,251,219,0.348127601
defense,669,450,219,0.402144772
opportunity,679,460,219,0.403863038
bit,704,485,219,0.407905803
stepped,324,104,220,0.242990654
13,422,202,220,0.323717949
terms,698,478,220,0.406462585
title,331,110,221,0.249433107
hurt,384,163,221,0.297989031
finding,474,253,221,0.348005502
carry,575,354,221,0.381054898
killing,616,395,221,0.390702275
ahead,624,403,221,0.392405063
voted,641,420,221,0.395852969
rarely,341,119,222,0.258695652
moments,345,123,222,0.262820513
commercial,361,138,223,0.276553106
draw,398,175,223,0.305410122
places,582,359,223,0.381509033
talking,894,671,223,0.428753994
personal,1012,789,223,0.43808995
hospital,349,125,224,0.26371308
digital,361,137,224,0.275100402
hour,434,210,224,0.326086957
2012,554,330,224,0.373303167
chance,773,549,224,0.415279879
games,296,71,225,0.19346049
visited,386,161,225,0.294332724
although,663,438,225,0.397820163
allow,955,730,225,0.433234421
prosecutors,317,91,226,0.223039216
district,357,131,226,0.268442623
slow,379,153,226,0.287593985
declared,604,378,226,0.384928717
medical,632,406,226,0.391136802
subject,634,408,226,0.391554702
cabinet,320,93,227,0.225181598
lawsuit,361,134,227,0.270707071
questioned,382,155,227,0.288640596
southern,406,179,227,0.305982906
initial,433,206,227,0.322378717
larger,532,305,227,0.364396655
lower,617,390,227,0.387288977
street,442,214,228,0.326219512
dismissed,368,139,229,0.274161736
track,467,238,229,0.337588652
language,475,246,229,0.341192788
event,732,503,229,0.407287449
appear,769,540,229,0.412528648
single,934,705,229,0.430140329
reports,1140,911,229,0.444173574
movie,400,170,230,0.298245614
60,464,234,230,0.335243553
charge,575,345,230,0.375
latest,1031,801,230,0.437227074
wore,269,38,231,0.123778502
seat,350,119,231,0.253731343
familiar,475,244,231,0.339360223
goal,582,351,231,0.376205788
raise,593,362,231,0.379057592
market,679,448,231,0.397515528
release,707,476,231,0.402366864
terrorist,662,430,232,0.393772894
foreign,1308,1076,232,0.451342282
picked,359,126,233,0.259793814
alongside,351,117,234,0.25
test,501,267,234,0.34765625
forced,824,590,234,0.417256011
emerged,430,195,235,0.312
standing,590,355,235,0.375661376
usually,604,369,235,0.379239466
earned,386,150,236,0.279850746
network,574,338,236,0.370614035
de,638,402,236,0.386538462
challenges,386,149,237,0.278504673
shift,462,225,237,0.327510917
fight,1086,849,237,0.43875969
person,1213,976,237,0.445865692
analysts,357,119,238,0.25
appearance,411,173,238,0.296232877
enforcement,685,447,238,0.394876325
assistant,338,99,239,0.226544622
runs,510,271,239,0.346991037
hotel,332,92,240,0.216981132
victims,501,261,240,0.342519685
concern,603,363,240,0.375776398
trade,677,437,240,0.392280072
ability,754,514,240,0.405362776
hold,943,703,240,0.42709599
restaurant,294,53,241,0.152737752
finished,319,78,241,0.196473552
film,467,226,241,0.326118326
costs,455,213,242,0.318862275
11,666,424,242,0.388990826
estate,384,141,243,0.268571429
raising,470,227,243,0.325681492
buy,647,404,243,0.384395814
account,694,451,243,0.393886463
drove,325,81,244,0.199507389
generally,502,258,244,0.339473684
changed,646,402,244,0.383587786
probably,1068,824,244,0.43551797
afternoon,329,84,245,0.203389831
brief,373,128,245,0.255489022
setting,442,197,245,0.30829421
holding,687,442,245,0.3914969
longer,1039,794,245,0.433169667
budget,423,177,246,0.295
relatively,488,242,246,0.331506849
wife,624,378,246,0.377245509
nonprofit,298,51,247,0.146131805
noting,404,157,247,0.279857398
request,470,223,247,0.321789322
couple,692,445,247,0.391380827
press,931,684,247,0.423529412
side,967,720,247,0.426793124
speaking,676,428,248,0.387681159
increase,814,566,248,0.410144928
view,824,576,248,0.411428571
2015,830,582,248,0.412181303
certain,961,713,248,0.425925926
lives,965,717,248,0.42627824
meetings,377,128,249,0.253465347
decade,429,180,249,0.295566502
feet,436,186,250,0.29903537
filled,464,214,250,0.315634218
coverage,484,234,250,0.325905292
watching,534,284,250,0.347188264
transition,447,196,251,0.304821151
dropped,498,247,251,0.331543624
starting,588,337,251,0.364324324
study,724,473,251,0.395154553
partly,336,84,252,0.2
advisers,352,100,252,0.221238938
associate,354,102,252,0.223684211
proposal,362,110,252,0.233050847
spend,584,332,252,0.362445415
teams,313,60,253,0.160857909
art,383,130,253,0.253411306
delivered,470,217,253,0.315866084
cited,474,221,253,0.317985612
names,505,252,253,0.332892999
provided,829,576,253,0.409964413
risk,750,496,254,0.398073836
player,338,83,255,0.197149644
opposition,684,429,255,0.385444744
faces,433,177,256,0.290163934
offering,470,214,256,0.312865497
industry,641,385,256,0.375243665
works,674,418,256,0.382783883
idea,1127,871,256,0.435935936
interviews,394,136,258,0.256603774
insisted,414,156,258,0.273684211
pick,478,220,258,0.315186246
cities,547,289,258,0.34569378
vowed,343,84,259,0.196721311
traveled,345,86,259,0.199535963
minister,458,199,259,0.302891933
facing,611,352,259,0.365524403
eager,359,99,260,0.216157205
rare,399,139,260,0.258364312
players,409,149,260,0.26702509
leadership,585,325,260,0.357142857
biggest,856,596,260,0.41046832
congressional,466,205,261,0.305514158
speak,779,518,261,0.399383192
thousands,1131,870,261,0.434782609
analyst,408,146,262,0.263537906
sitting,519,257,262,0.331185567
service,734,472,262,0.391376451
twice,437,174,263,0.284779051
technology,549,286,263,0.34251497
ways,788,525,263,0.399847677
rather,1208,945,263,0.438922434
unusual,418,154,264,0.269230769
fired,498,234,264,0.319672131
editor,529,265,264,0.333753149
pass,572,308,264,0.35
12,614,350,264,0.363070539
repeal,321,56,265,0.148541114
rejected,447,181,266,0.288216561
7,618,352,266,0.362886598
supported,691,425,266,0.380824373
bring,1104,838,266,0.431513903
drawn,387,120,267,0.236686391
evening,411,144,267,0.259459459
promise,531,264,267,0.332075472
decided,923,656,267,0.415452818
typically,409,141,268,0.256363636
scene,424,156,268,0.268965517
central,641,373,268,0.367850099
additional,646,378,268,0.369140625
committee,444,175,269,0.282714055
shooting,494,225,269,0.312934631
response,920,651,269,0.414385742
appeal,422,152,270,0.264808362
initially,424,154,270,0.266435986
season,430,160,270,0.271186441
services,564,294,270,0.342657343
charges,654,384,270,0.369942197
tour,330,59,271,0.151670951
avoid,743,472,271,0.388477366
beyond,839,568,271,0.403695807
married,410,138,272,0.251824818
game,615,341,274,0.356694561
asking,650,376,274,0.366471735
decades,723,449,274,0.383105802
again,1094,820,274,0.428422153
businesses,432,157,275,0.26655348
pointed,653,378,275,0.366634336
experience,800,525,275,0.396226415
wall,451,175,276,0.279552716
financial,1040,764,276,0.423503326
campaign,2128,1852,276,0.465326633
governor,400,123,277,0.235181644
gathered,425,148,277,0.258289703
prompted,376,97,279,0.205073996
broader,383,104,279,0.213552361
shared,661,382,279,0.366251198
measure,467,187,280,0.285932722
sales,425,144,281,0.253075571
push,698,417,281,0.373991031
paid,825,544,281,0.397370343
unclear,389,107,282,0.215725806
fewer,418,136,282,0.245487365
yet,1422,1140,282,0.444964871
despite,1033,749,284,0.420314254
done,1313,1029,284,0.439368061
things,1688,1404,284,0.454075032
meant,706,421,285,0.373558119
living,990,705,285,0.415929204
leading,1001,716,285,0.417006407
weekdays,288,2,286,0.006896552
wearing,479,193,286,0.287202381
required,630,344,286,0.353182752
mayor,365,78,287,0.176072235
broadcast,421,134,287,0.241441441
citing,447,160,287,0.263591433
repeatedly,643,356,287,0.356356356
age,656,368,288,0.359375
critical,692,404,288,0.368613139
data,767,479,288,0.384430177
inside,876,588,288,0.401639344
replace,499,210,289,0.296191819
town,584,295,289,0.335608646
organization,694,404,290,0.367941712
episode,394,103,291,0.207243461
bar,395,104,291,0.208416834
crucial,456,165,291,0.265700483
success,526,234,292,0.307894737
voice,553,261,292,0.320638821
department,465,172,293,0.270015699
responded,520,227,293,0.303882195
significant,863,570,293,0.397766923
moving,705,411,294,0.36827957
2014,718,424,294,0.371278459
colleagues,434,139,295,0.242582897
safety,571,276,295,0.325855962
reach,747,452,295,0.376980817
watched,444,148,296,0.25
conversation,489,192,297,0.281938326
pushed,589,292,297,0.331441544
struggled,347,49,298,0.123737374
broad,421,123,298,0.226102941
tough,464,166,298,0.263492063
worried,480,182,298,0.274924471
daughter,533,235,298,0.305989583
lawyers,437,138,299,0.24
gone,720,421,299,0.368974584
sat,428,128,300,0.230215827
minutes,633,333,300,0.344720497
hope,1049,749,300,0.416573971
apartment,360,59,301,0.140811456
struggling,414,113,301,0.214421252
struck,473,172,301,0.266666667
ban,496,195,301,0.282199711
publicly,629,328,301,0.342737722
likely,1630,1329,301,0.449138222
deeply,609,307,302,0.335152838
arrested,614,311,303,0.336216216
tax,711,408,303,0.36461126
heard,910,607,303,0.400131839
neighborhood,383,79,304,0.170995671
traditional,623,319,304,0.338641189
able,1567,1263,304,0.446289753
summer,511,206,305,0.287308229
reached,798,493,305,0.381874516
continued,857,552,305,0.391767211
introduced,461,155,306,0.251623377
promised,622,316,306,0.336886994
politics,735,429,306,0.368556701
sold,568,260,308,0.314009662
ordered,519,210,309,0.288065844
floor,406,96,310,0.19123506
praised,407,97,310,0.192460317
legislation,462,152,310,0.247557003
drug,552,242,310,0.304785894
perhaps,912,602,310,0.397622193
amid,482,170,312,0.260736196
changes,702,390,312,0.357142857
third,907,595,312,0.396138482
money,1449,1137,312,0.439675174
spokeswoman,384,71,313,0.156043956
proposed,557,244,313,0.304619226
identified,567,254,313,0.309378806
compared,645,332,313,0.339815763
briefing,355,41,314,0.103535354
bought,484,170,314,0.259938838
version,677,363,314,0.349038462
includes,708,394,314,0.35753176
passed,726,412,314,0.362038664
walked,439,124,315,0.220248668
filed,561,246,315,0.304832714
widely,571,256,315,0.3095526
denied,604,289,315,0.323628219
cases,685,370,315,0.3507109
respond,563,247,316,0.304938272
pulled,516,199,317,0.278321678
rights,1049,732,317,0.411005053
telephone,388,70,318,0.152838428
retired,484,166,318,0.255384615
spending,608,290,318,0.322939866
firm,547,228,319,0.294193548
tell,1186,867,319,0.422308816
executives,397,77,320,0.162447257
immigrants,524,204,320,0.28021978
attention,883,563,320,0.389349931
crowd,548,227,321,0.292903226
moment,822,501,321,0.378684807
record,837,516,321,0.381374723
audience,487,165,322,0.253067485
attorney,571,249,322,0.303658537
sports,406,83,323,0.169734151
involved,1027,704,323,0.406701329
using,1535,1212,323,0.441208591
change,1596,1273,323,0.443708609
fans,427,103,324,0.194339623
fell,575,251,324,0.303874092
stood,584,260,324,0.308056872
challenge,592,268,324,0.311627907
eventually,738,414,324,0.359375
15,813,489,324,0.375576037
previous,850,526,324,0.382267442
aides,430,105,325,0.196261682
prime,516,191,325,0.270155587
sign,824,499,325,0.377173091
research,819,493,326,0.375762195
sent,1217,890,327,0.422401519
lawmakers,441,113,328,0.203971119
border,642,313,329,0.327748691
need,2332,2003,329,0.462053057
turn,1157,827,330,0.416834677
debate,762,431,331,0.361274099
parents,576,244,332,0.297560976
student,544,211,333,0.279470199
40,680,347,333,0.337877313
hundreds,851,518,333,0.378378378
knew,888,555,333,0.384615385
failed,919,586,333,0.389368771
provide,1069,736,333,0.407756233
faced,548,214,334,0.280839895
report,1364,1030,334,0.430242272
music,443,108,335,0.19600726
house,696,361,335,0.34153264
question,1238,902,336,0.421495327
younger,429,92,337,0.176583493
friend,689,352,337,0.338136407
death,996,659,337,0.398187311
trip,478,140,338,0.226537217
deputy,499,161,338,0.243939394
address,801,463,338,0.366297468
star,519,180,339,0.25751073
parts,714,375,339,0.344352617
dozens,564,224,340,0.284263959
500,528,186,342,0.260504202
lived,592,250,342,0.296912114
son,660,318,342,0.325153374
employees,597,254,343,0.298472385
jobs,709,366,343,0.340465116
right,2256,1913,343,0.458863037
students,590,246,344,0.294258373
concerns,755,411,344,0.352487136
someone,1258,914,344,0.420810313
visit,693,346,347,0.333012512
pressure,756,409,347,0.351072961
strong,1003,655,348,0.395054282
issues,1052,704,348,0.400911162
start,1315,967,348,0.423751096
nearby,473,124,349,0.207705193
weekend,497,147,350,0.22826087
growing,869,519,350,0.373919308
step,879,529,350,0.375710227
reported,1632,1282,350,0.439945093
college,631,280,351,0.307354555
stopped,626,274,352,0.304444444
carried,684,332,352,0.326771654
built,744,391,353,0.344493392
party,1156,802,354,0.409601634
together,1035,680,355,0.396501458
children,1158,803,355,0.409484957
discuss,646,290,356,0.30982906
followed,745,387,358,0.341872792
friends,848,490,358,0.366218236
live,1298,940,358,0.420017873
based,1347,989,358,0.423373288
morning,732,373,359,0.337556561
front,962,603,359,0.385303514
potential,1081,722,359,0.400443705
posted,853,493,360,0.366270431
allowed,1053,693,360,0.396907216
remarks,522,161,361,0.235724744
com,375,13,362,0.033505155
support,2136,1773,363,0.453568688
agency,741,376,365,0.336615936
love,896,530,366,0.371669004
running,1077,711,366,0.397651007
general,1068,700,368,0.395927602
use,2304,1936,368,0.456603774
drew,465,96,369,0.171122995
bill,582,213,369,0.267924528
planned,668,296,372,0.307053942
experts,718,346,372,0.32518797
difficult,953,581,372,0.37874837
earlier,994,621,373,0.384520124
billion,886,512,374,0.366237482
building,904,530,374,0.369595537
hoped,465,90,375,0.162162162
nine,569,194,375,0.254259502
increasingly,752,377,375,0.333923826
performance,496,120,376,0.194805195
reporter,608,232,376,0.276190476
playing,734,358,376,0.327838828
50,795,419,376,0.345140033
hit,948,572,376,0.376315789
older,526,149,377,0.220740741
community,925,547,378,0.371603261
residents,605,226,379,0.271961492
soon,982,603,379,0.38044164
include,1071,692,379,0.392512762
name,1243,864,379,0.410061699
getting,1376,997,379,0.420143279
intended,621,241,380,0.279582367
relationship,772,392,380,0.336769759
line,1078,698,380,0.393018018
lead,1258,878,380,0.411048689
attended,501,120,381,0.193236715
roughly,563,181,382,0.24327957
fellow,727,345,382,0.321828358
special,943,561,382,0.373005319
remained,604,221,383,0.267878788
car,615,232,383,0.27390791
cost,842,458,384,0.352307692
urged,529,143,386,0.212797619
great,1613,1227,386,0.432042254
noted,904,516,388,0.363380282
popular,932,544,388,0.368563686
judge,602,213,389,0.261349693
families,696,307,389,0.306081755
attack,1157,768,389,0.398961039
prominent,624,233,391,0.271878646
hearing,583,191,392,0.246770026
agreed,750,357,393,0.322493225
similar,1118,725,393,0.393380358
doing,1569,1176,393,0.428415301
behind,1478,1084,394,0.423106948
miles,627,232,395,0.27008149
remains,969,574,395,0.372002592
times,1337,942,395,0.413339184
return,889,493,396,0.356729378
attacks,951,555,396,0.368525896
coming,1395,999,396,0.417293233
vice,600,203,397,0.252801993
father,686,289,397,0.296410256
give,1676,1278,398,0.432633717
workers,689,290,399,0.296220633
kept,838,439,399,0.343774471
figure,751,351,400,0.318511797
mostly,800,400,400,0.333333333
life,1531,1131,400,0.42486852
seeking,763,362,401,0.321777778
dozen,578,176,402,0.233421751
mother,665,262,403,0.282632147
staff,852,449,403,0.345119139
every,2314,1911,403,0.452307692
opening,626,222,404,0.261792453
rules,720,316,404,0.305019305
30,889,483,406,0.352040816
sense,939,532,407,0.361658736
remain,947,540,407,0.363147276
keep,1778,1371,407,0.43537631
needed,973,565,408,0.367360208
online,834,425,409,0.3375695
officer,662,251,411,0.274917853
stay,860,448,412,0.342507645
largest,914,502,412,0.354519774
considered,946,534,412,0.360810811
100,869,456,413,0.344150943
born,694,280,414,0.287474333
charged,695,281,414,0.287909836
recalled,464,47,417,0.091976517
critics,532,115,417,0.177743431
believed,846,427,419,0.335428123
program,889,470,419,0.345842531
away,1638,1219,419,0.426671334
issue,1190,768,422,0.392236977
know,2897,2475,422,0.460722264
adviser,575,152,423,0.209078404
career,701,278,423,0.283963228
ended,742,319,423,0.300659755
woman,1070,647,423,0.376820035
does,2238,1815,423,0.447816432
offer,846,421,425,0.332280979
officers,753,327,426,0.302777778
message,934,505,429,0.350938151
try,1246,815,431,0.395439107
arrived,636,203,433,0.241954708
leader,988,554,434,0.359273671
white,1115,681,434,0.379175947
look,1928,1493,435,0.436422099
expressed,859,423,436,0.329953198
released,1310,874,436,0.40018315
secretary,831,393,438,0.321078431
especially,1342,901,441,0.40169416
run,1396,954,442,0.405957447
5,1014,571,443,0.360252366
black,1081,638,443,0.371146015
brought,1151,708,443,0.380849919
groups,1160,717,443,0.381992541
acknowledged,575,131,444,0.185552408
focused,721,277,444,0.27755511
approach,744,300,444,0.287356322
leave,1140,696,444,0.379084967
already,2098,1654,444,0.440831557
longtime,558,113,445,0.168405365
clear,1668,1223,445,0.423037011
6,831,384,447,0.316049383
women,1303,856,447,0.396479852
meet,787,339,448,0.301065719
focus,932,484,448,0.34180791
scheduled,591,141,450,0.192622951
cut,898,448,450,0.332838039
effort,1112,662,450,0.373167982
plan,1125,674,451,0.374652585
signed,758,306,452,0.287593985
case,1632,1179,453,0.419423693
enough,1566,1111,455,0.41501681
leaving,872,416,456,0.322981366
better,1694,1238,456,0.422237381
ran,726,269,457,0.270351759
room,792,334,458,0.296625222
deal,1198,740,458,0.381836945
official,1282,821,461,0.390394674
criticism,665,202,463,0.232987313
issued,828,361,467,0.303616484
always,1762,1295,467,0.423617926
returned,675,205,470,0.232954545
center,753,282,471,0.272463768
speech,967,495,472,0.338577291
close,1514,1042,472,0.407668232
joined,768,295,473,0.277516463
argued,676,201,475,0.229190422
best,1773,1298,475,0.422663627
calls,1010,531,479,0.344581441
high,1527,1046,481,0.406529343
looked,817,335,482,0.290798611
you,4844,4362,482,0.473821421
legal,1160,677,483,0.368535656
too,1949,1465,484,0.429115407
annual,703,218,485,0.23669924
looking,1291,806,485,0.384358608
served,887,399,488,0.310264386
travel,663,174,489,0.207885305
calling,1075,585,490,0.352409639
large,1436,946,490,0.397145256
talk,1246,755,491,0.377311344
referring,718,226,492,0.23940678
eight,935,443,492,0.321480406
sought,728,235,493,0.244029076
authorities,814,320,494,0.282186949
pay,1212,717,495,0.371695179
state,2273,1778,495,0.438903974
reporters,765,269,496,0.260154739
given,1722,1226,496,0.41587517
go,2643,2147,496,0.44822547
lawyer,663,164,499,0.198307134
largely,918,419,499,0.313388182
particularly,1080,581,499,0.349789284
shot,857,357,500,0.294069193
policy,1511,1010,501,0.400634669
accused,1016,513,503,0.335513407
care,1153,650,503,0.360510261
phone,827,323,504,0.280869565
health,1211,707,504,0.368613139
head,1323,819,504,0.382352941
seen,1751,1246,505,0.415749082
final,1054,548,506,0.342072409
face,1418,912,506,0.391416309
opened,743,236,507,0.241062308
almost,1590,1083,507,0.405162738
call,1613,1105,508,0.406548933
hard,1436,927,509,0.392297926
grew,704,194,510,0.216035635
feel,1347,837,510,0.383241758
open,1369,857,512,0.384995508
major,1774,1262,512,0.415678524
thought,1382,868,514,0.385777778
chairman,785,267,518,0.253802281
quickly,1008,489,519,0.326653307
end,2036,1515,521,0.426640383
20,1156,632,524,0.353467562
lost,1312,781,531,0.373148591
companies,982,448,534,0.313286713
adding,851,316,535,0.270779777
play,1048,512,536,0.328205128
social,1566,1029,537,0.396531792
others,1460,922,538,0.387069689
killed,1161,620,541,0.348119034
near,1309,768,541,0.369764083
recently,1375,834,541,0.377546401
find,1928,1384,544,0.417874396
man,1713,1168,545,0.405414787
place,1879,1320,559,0.412628947
conference,853,282,571,0.24845815
half,1254,680,574,0.351602896
me,2127,1553,574,0.42201087
same,2735,2161,574,0.441380719
criticized,734,159,575,0.178051512
saw,1237,661,576,0.348261328
job,1185,604,581,0.337618781
men,1257,676,581,0.349715468
received,1273,692,581,0.35216285
really,2209,1624,585,0.423689016
immigration,858,272,586,0.240707965
gave,1269,681,588,0.349230769
once,1826,1236,590,0.40365774
weeks,1208,617,591,0.338082192
role,1357,764,593,0.360207449
well,2575,1980,595,0.434687157
school,1063,465,598,0.304319372
10,1455,856,599,0.370402423
something,2211,1611,600,0.421507064
meeting,1152,550,602,0.323149236
small,1562,960,602,0.380650278
raised,968,364,604,0.273273273
past,1795,1190,605,0.398659966
hours,1162,555,607,0.323238206
spent,1181,574,607,0.327065527
taking,1740,1131,609,0.393939394
good,2369,1759,610,0.426114341
number,1943,1332,611,0.406717557
appeared,1265,653,612,0.340458811
tried,1251,638,613,0.337744839
different,1716,1103,613,0.391273501
showed,1108,493,615,0.307932542
plans,1186,570,616,0.324601367
local,1481,864,617,0.368443497
may,3246,2625,621,0.447112928
included,1079,457,622,0.297526042
member,1273,650,623,0.338013521
along,1663,1039,624,0.384529978
offered,988,363,625,0.268689859
spokesman,868,241,627,0.217312894
move,1476,849,627,0.36516129
felt,1106,477,629,0.301326595
government,2745,2116,629,0.435301378
second,1504,874,630,0.367535744
host,940,309,631,0.247397918
named,1009,378,631,0.272530642
efforts,1168,537,631,0.314956012
see,3041,2408,633,0.441915948
conservative,950,316,634,0.249605055
big,1756,1121,635,0.389641988
got,1881,1245,636,0.398272553
questions,1187,550,637,0.316637881
court,1018,371,647,0.267098632
met,1098,451,647,0.291155584
started,1358,709,649,0.343009192
himself,1365,714,651,0.343434343
leaders,1280,627,653,0.328788673
taken,1724,1071,653,0.383184258
without,2398,1737,661,0.420072551
late,1293,629,664,0.327263267
become,2208,1544,664,0.411513859
seven,1001,336,665,0.251308901
added,1279,614,665,0.324352879
turned,1424,759,665,0.34768667
far,2137,1472,665,0.407869216
suggested,1019,349,670,0.255116959
died,947,276,671,0.225674571
working,1855,1183,672,0.389400922
country,2272,1598,674,0.412919897
sometimes,1003,327,676,0.245864662
top,1784,1103,681,0.382057499
now,3797,3116,681,0.450744973
played,1014,331,683,0.246096654
won,1170,482,688,0.291767554
night,1209,519,690,0.300347222
worked,1334,642,692,0.324898785
law,1803,1111,692,0.381262869
put,2458,1766,692,0.418087121
television,941,248,693,0.208578638
professor,902,206,696,0.185920578
month,1203,507,696,0.296491228
help,2294,1597,697,0.410434336
series,1087,387,700,0.262550882
show,1943,1242,701,0.389952904
security,1551,849,702,0.35375
days,2052,1341,711,0.395225464
office,1436,719,717,0.333642691
trying,1900,1179,721,0.382916531
making,1996,1275,721,0.389789055
moved,1066,344,722,0.243971631
wanted,1447,718,729,0.331639723
day,2219,1490,729,0.401725532
announced,1429,699,730,0.328477444
though,1749,1018,731,0.367907481
held,1531,797,734,0.342353952
own,2893,2159,734,0.427355503
police,1551,811,740,0.343353091
helped,1216,473,743,0.280047365
city,1413,668,745,0.320999519
business,1478,733,745,0.331524197
never,2682,1937,745,0.419354839
declined,912,155,757,0.145267104
spoke,1103,342,761,0.236678201
used,2596,1832,764,0.413730804
come,2614,1845,769,0.413769904
very,3365,2591,774,0.435023506
decision,1420,645,775,0.312348668
then,3265,2490,775,0.432667246
national,1981,1203,778,0.377826633
kind,1640,859,781,0.343737495
less,2065,1282,783,0.383029579
lot,1953,1157,796,0.372025723
months,1622,825,797,0.337147528
known,2065,1257,808,0.378386514
outside,1536,726,810,0.320954907
team,1376,565,811,0.291087069
family,1687,871,816,0.340500391
least,2317,1499,818,0.392819706
young,1445,618,827,0.299563742
political,2915,2086,829,0.417116577
expected,1316,485,831,0.269294836
company,1358,524,834,0.278427205
described,1409,573,836,0.289101917
across,2026,1186,840,0.369240349
six,1408,564,844,0.286004057
toward,1445,589,856,0.289577188
public,2713,1849,864,0.405304691
take,3334,2470,864,0.425568573
led,1690,821,869,0.32696137
her,3837,2968,869,0.43614989
all,5792,4917,875,0.459146512
went,1944,1055,889,0.351783928
so,4811,3918,893,0.448848665
even,4447,3551,896,0.443985996
wrote,1722,807,915,0.319098458
next,2584,1658,926,0.390853371
became,1654,722,932,0.303872054
way,3284,2350,934,0.417110401
interview,1562,627,935,0.286432161
little,2281,1344,937,0.370758621
this,7594,6649,945,0.466825809
saying,2049,1101,948,0.34952381
statement,1581,630,951,0.284938942
down,3142,2182,960,0.409842224
federal,1838,874,964,0.322271386
five,1744,775,969,0.307661771
found,2493,1523,970,0.379233068
get,3826,2855,971,0.427331238
later,1698,721,977,0.298057048
no,5078,4093,985,0.446298114
senior,1439,453,986,0.239429175
might,2631,1642,989,0.384273344
seemed,1273,281,992,0.180823681
administration,1620,628,992,0.279359431
million,2238,1242,996,0.356896552
another,2957,1960,997,0.398617043
nearly,1785,782,1003,0.304635762
around,3017,2006,1011,0.399362931
can,5342,4330,1012,0.447684036
early,1959,937,1022,0.323549724
work,2704,1679,1025,0.383070956
group,2137,1111,1026,0.34205665
began,1861,832,1029,0.308949127
if,5114,4079,1035,0.443707168
while,3628,2581,1047,0.415686906
set,2228,1165,1063,0.343353964
members,2069,1004,1065,0.326716564
want,3094,2027,1067,0.395821129
much,3582,2515,1067,0.41249795
will,6307,5234,1073,0.45351356
four,2024,948,1076,0.31897712
left,2334,1255,1079,0.349679576
think,3223,2138,1085,0.398806193
whose,1934,839,1095,0.302560404
several,2480,1380,1100,0.357512953
long,2840,1734,1106,0.379099257
do,4679,3570,1109,0.432779731
home,1945,835,1110,0.300359712
going,3528,2411,1117,0.405960599
news,2626,1503,1123,0.364010656
off,2974,1815,1159,0.378993527
often,2182,1014,1168,0.317271589
week,1989,820,1169,0.291918832
time,4259,3088,1171,0.420307609
back,3398,2221,1177,0.395266062
since,3288,2107,1181,0.390546803
make,3877,2680,1197,0.408723502
through,3559,2357,1202,0.398411089
director,1748,544,1204,0.237347295
asked,2138,919,1219,0.300621524
still,3307,2081,1226,0.386228656
are,8067,6830,1237,0.458481573
part,3107,1865,1242,0.375100563
recent,2586,1337,1249,0.340810604
there,4774,3522,1252,0.424541948
say,3111,1856,1255,0.373666197
to,10321,9047,1274,0.467110698
percent,2094,809,1285,0.27867723
year,2750,1440,1310,0.343675418
them,4531,3201,1330,0.413993792
came,2548,1214,1334,0.322700691
chief,1756,410,1346,0.189289012
of,10309,8961,1348,0.465023352
among,2483,1122,1361,0.311234397
a,10272,8903,1369,0.464302477
what,5744,4371,1373,0.432130499
whether,2581,1170,1411,0.311916822
and,10279,8865,1414,0.463069369
executive,1794,369,1425,0.170596394
officials,2395,949,1446,0.283791866
up,5703,4216,1487,0.425042847
in,10186,8687,1499,0.460287183
years,3800,2296,1504,0.37664042
according,2961,1449,1512,0.328571429
president,2768,1254,1514,0.311785182
is,9687,8136,1551,0.456488807
took,2789,1233,1556,0.306563899
because,4759,3177,1582,0.400327621
told,3593,1999,1594,0.357474964
over,5494,3884,1610,0.414160802
many,4771,3150,1621,0.397677061
people,5736,4087,1649,0.416064339
three,3004,1336,1668,0.307834101
new,4553,2872,1681,0.386801347
called,3471,1766,1705,0.337215963
before,4308,2598,1710,0.376194613
out,6160,4450,1710,0.419415646
former,3255,1536,1719,0.320601127
be,8636,6851,1785,0.442371021
like,5500,3698,1802,0.402043923
it,8446,6560,1886,0.43715847
made,4354,2463,1891,0.361302626
could,5141,3248,1893,0.38717368
by,8948,7022,1926,0.439699436
for,9843,7911,1932,0.445589726
or,7247,5299,1948,0.422365694
that,9997,8049,1948,0.44602682
other,5810,3851,1959,0.39861298
have,8688,6705,1983,0.435587605
including,3848,1856,1992,0.325385694
but,7286,5259,2027,0.419210841
one,6749,4678,2071,0.40938129
first,4906,2803,2103,0.363600986
been,7286,5176,2110,0.415342642
more,6853,4742,2111,0.408969383
did,4398,2244,2154,0.337850045
on,10177,8020,2157,0.440731989
about,7336,5173,2163,0.41354225
two,5025,2829,2196,0.360198625
with,9499,7276,2223,0.433740686
not,8548,6187,2361,0.419884628
would,6768,4400,2368,0.393982808
from,8902,6524,2378,0.422922339
which,7202,4801,2401,0.399983337
him,4394,1953,2441,0.307704427
0,2535,34,2501,0.013234722
were,6906,4311,2595,0.38432736
last,5010,2360,2650,0.320217096
also,6792,4101,2691,0.376480308
was,9016,6229,2787,0.408592981
who,8159,5348,2811,0.395942844
had,7164,3940,3224,0.354827089
said,7922,3473,4449,0.304782799
